37004 105.815523
37000 28.583942
36988 22.417467
36988 22.478635
36981 22.284186
36957 18.051625
36925 22.565098
36852 21.756343
36852 21.927005
36852 22.34573
36823 23.959842
36789 22.147505
36789 12.468119
36766 12.0173
36762 12.029005
36753 12.178523
36737 12.170593
36704 12.134347
36657 11.882885
36655 11.504938
36655 11.34447
36655 11.42225
36655 11.270089
36629 11.369768
36595 11.237618
36565 12.010126
36559 11.626892
36558 11.643128
36554 11.222138
36554 11.202127
36554 11.505315
36527 11.431689
36470 10.970298
36456 11.26367
36438 11.968594
36432 11.313133
36432 11.042792
36390 11.656721
36383 11.108111
36365 10.997484
36316 11.55591
36283 11.653701
36267 12.27065
36241 12.883068
36241 12.402044
36241 11.65219
36241 11.245547
36186 11.228556
36185 11.778299
36185 11.265181
36185 11.07413
36183 11.012209
36183 12.023719
36145 12.488508
36088 11.690324
36088 12.529286
36088 12.418657
36069 12.095457
36069 12.000688
36069 12.002575
36069 11.668803
36069 11.19382
36069 11.068844
36069 13.428657
36069 12.98539
36051 11.954623
36051 13.851913
36051 13.097151
36040 13.406381
36040 13.135285
36016 12.527397
36016 14.039188
36002 12.825678
35997 11.876467
35970 12.035801
35970 12.25668
35948 11.577431
35948 11.439995
35948 11.729214
35948 11.6537
35861 11.473977
35861 11.771124
35844 11.376942
35842 11.478508
35842 12.665966
35800 14.656137
35780 11.920642
35780 11.315775
35780 11.86967
35752 11.175696
35731 11.178339
35731 11.263293
35731 11.988983
35721 12.820392
35721 11.256497
35721 12.147562
35721 11.603106
35717 11.572523
35717 11.381095
35648 11.036751
35614 11.04468
35597 11.113398
35594 11.444904
35594 11.351267
35594 11.358063
35526 11.405259
35522 11.982942
35468 11.365237
35468 11.086212
35468 11.899498
35433 11.70505
35427 10.971054
35358 11.772635
35327 11.031842
35315 10.984647
35310 10.944624
35308 11.076018
35280 12.086773
35273 12.056567
35273 11.637842
35273 11.009565
35273 11.707315
35273 11.236863
35268 11.847771
35268 11.497008
35268 12.015034
35268 12.072048
35254 12.276313
35239 11.805861
35181 12.278956
35154 11.274242
35149 11.096407
35149 11.595555
35136 11.388646
35136 11.438863
35129 11.280661
35129 11.717887
35126 12.373348
35126 13.511345
35118 12.007484
35118 12.570063
35118 13.880608
35118 13.530224
35118 12.265363
35118 12.820014
35118 11.448302
35118 11.431312
35118 11.604616
35108 11.360705
35108 12.494926
35103 14.19588
35093 12.457169
35093 14.747131
35092 12.067894
35092 13.140948
35092 11.373544
35086 12.118867
35074 11.169655
35034 11.957267
35031 11.885151
35005 11.747715
34987 11.1689
34986 11.228557
34982 11.222516
34951 11.234597
34908 11.433577
34888 10.971809
34847 12.294436
34809 12.244975
34787 11.474733
34782 10.87364
34779 11.03373
34779 11.184758
34779 12.511539
34779 12.166818
34779 11.700519
34779 11.764706
34771 11.978033
34771 14.01087
34733 12.16644
34698 11.77188
34698 11.63822
34690 11.102448
34690 11.002392
34673 11.308224
34668 11.118684
34668 11.082815
34668 11.069977
34655 11.014097
34641 11.03373
34641 11.376186
34641 11.864384
34640 11.00126
34638 11.641241
34638 12.170594
34638 11.183626
34628 11.068467
34628 11.163237
34608 11.216474
34604 11.00579
34604 11.102071
34588 11.302937
34559 11.262538
34543 12.218923
34543 11.626138
34506 11.24517
34506 11.867405
34469 11.150022
34469 10.931786
34453 11.081681
34453 10.992575
34453 12.270272
34453 11.835689
34453 11.766594
34448 12.005218
34426 10.917061
34414 11.488702
34387 11.084702
34350 11.111887
34335 11.885906
34328 12.001442
34328 11.612545
34328 11.197595
34328 11.436975
34323 11.330878
34303 11.957645
34303 11.359574
34303 11.909315
34269 12.279711
34269 11.851169
34269 11.741297
34269 11.954624
34253 12.103386
34227 11.799443
34227 11.226669
34197 11.031087
34197 11.293876
34115 11.965573
34115 11.245169
34115 11.976522
34115 12.091682
34064 11.694101
34058 11.074886
34050 12.514182
34010 11.538541
33983 11.245169
33983 11.863251
33950 11.100182
33914 11.278018
33884 11.523816
33884 11.19382
33884 10.998239
33878 11.114531
33878 11.070354
33878 10.959349
33861 12.100366
33852 11.16588
33829 10.954063
33818 10.971053
33810 11.042036
33786 11.304826
33726 11.048456
33726 11.007301
33726 12.0173
33714 11.945939
33701 13.700131
33701 11.269712
33685 11.03373
33679 11.322949
33679 11.915734
33679 11.601973
33679 12.132082
33679 11.838709
33670 11.344092
33670 11.489835
33670 11.161349
33617 11.062425
33588 10.941225
33588 11.466048
33585 12.479069
33585 11.978788
33578 12.221944
33578 12.028628
33568 11.719775
33568 11.534011
33568 11.351267
33552 11.51853
33545 11.256874
33545 11.166635
33545 12.075446
33539 12.186074
33510 11.083192
33508 11.134164
33508 11.182492
33486 11.029955
33486 11.026934
33479 12.47416
33479 11.659741
33444 12.492661
33444 11.333899
33444 11.109622
33444 11.184381
33444 11.292366
33425 11.668426
33425 11.186268
33425 11.217229
33420 11.351644
33410 12.405065
33410 11.060538
33410 11.025801
33390 10.999749
33390 10.984646
33344 10.993331
33344 13.08167
33324 12.441689
33324 11.890437
33283 11.472844
33273 11.0073
33207 10.944247
33207 11.006923
33207 12.505121
33207 11.114153
33202 11.38336
33202 12.301988
33147 13.373155
33147 12.004463
33093 11.929704
33083 11.58385
33083 10.985401
33057 11.054497
33050 12.901947
33026 12.474538
33010 11.897611
33010 11.780186
33010 11.803218
33010 11.486815
33010 11.058649
33010 11.08206
32938 12.108294
32938 11.049211
32928 11.063558
32887 11.094897
32887 11.217229
32887 11.143604
32868 11.035996
32808 11.056007
32796 11.051098
32791 11.484926
32791 11.251211
32791 11.096785
32791 12.047883
32791 11.305203
32740 13.760542
32732 11.080926
32727 11.012587
32705 11.530235
32705 12.27216
32705 11.18438
32705 11.12397
32666 11.426026
32666 11.0073
32666 11.038639
32643 11.068089
32637 11.000126
32619 10.966523
32579 11.247057
32579 11.080927
32579 12.359378
32554 11.798687
32535 11.178717
32532 10.921215
32522 11.025046
32487 11.101693
32487 11.233465
32487 10.923858
32487 11.869292
32487 11.77037
32487 11.458119
32487 11.065446
32463 11.093009
32463 11.803596
32447 10.949155
32429 11.293498
32429 11.589136
32429 12.020698
32426 11.766594
32412 11.958021
32399 13.262904
32363 11.264048
32360 11.268957
32357 11.278018
32357 11.262538
32330 11.469446
32319 11.087345
32319 11.981808
32319 11.921398
32319 11.790758
32308 11.791135
32308 11.933858
32308 11.659364
32308 12.736194
32308 11.809259
32308 12.243087
32308 11.396197
32308 11.319173
32308 10.998616
32308 11.63973
32250 11.077151
32239 11.048455
32220 11.060915
32220 11.371655
32200 13.384104
32188 12.224586
32188 11.314643
32179 11.270089
32129 11.214586
32129 11.287835
32116 13.131132
32099 11.963308
32099 12.585543
32099 11.267069
32099 11.286325
32081 11.082437
32068 11.093764
32058 10.980492
32058 11.08961
32058 11.169656
32058 10.996351
32058 11.045435
32011 12.087528
32011 12.137745
32011 11.297274
32011 11.195708
31929 11.353532
31929 11.17683
31929 11.102825
31929 11.889682
31921 12.703345
31905 12.05619
31905 12.343143
31905 11.289345
31899 11.628781
31870 11.564593
31870 12.867211
31831 11.787737
31784 11.255364
31784 11.293876
31738 11.204769
31690 11.067334
31671 11.390157
31614 10.97785
31614 11.070355
31614 11.143981
31614 11.21081
31596 12.717693
31595 11.105846
31595 11.277263
31595 11.332388
31579 11.257251
31564 11.20779
31563 11.166257
31490 11.632934
31490 11.636709
31490 11.72053
31473 10.950665
31473 11.084324
31473 11.579697
31461 11.244037
31430 10.952175
31411 12.14001
31411 11.844751
31411 11.893835
31409 12.321244
31395 11.899498
31385 11.693723
31385 11.168523
31385 11.077906
31385 11.194197
31378 11.060915
31378 11.193442
31378 11.064313
31372 11.371278
31372 12.172104
31372 11.842108
31372 12.161532
31343 11.764328
31343 11.87609
31343 12.733173
31343 12.562512
31331 11.538919
31323 11.377319
31323 11.211565
31323 11.3305
31314 12.182676
31314 11.267824
31275 11.090743
31275 11.108112
31238 11.799443
31238 12.556848
31238 11.817566
31238 11.616321
31236 11.201749
31236 11.515132
31236 11.117174
31183 11.091498
31183 11.990115
31183 12.082243
31178 11.068844
31178 11.760553
31147 11.053742
31147 11.10056
31147 10.933297
31142 11.282926
31121 11.341827
31121 10.981626
31121 11.346735
31088 12.035046
31087 11.660875
31087 11.032597
31081 11.125479
31080 11.22327
31071 11.081304
31029 11.080926
30982 12.025984
30982 12.021076
30982 13.378063
30978 11.439995
30978 11.202504
30971 13.325581
30971 11.488325
30971 11.910826
30971 11.313887
30971 12.362021
30971 11.357685
30971 11.220627
30937 11.372033
30932 11.128122
30922 11.049589
30922 11.318418
30915 11.101316
30908 11.632179
30877 11.94745
30877 11.109622
30877 11.121327
30877 11.03373
30877 11.105091
30877 11.45019
30863 11.282927
30855 11.964063
30844 12.183808
30841 11.760175
30841 11.725816
30841 11.315775
30833 11.114908
30816 11.041282
30815 11.85268
30773 11.88213
30773 12.04373
30773 11.949715
30773 11.790381
30773 13.21231
30747 11.324459
30732 11.189289
30732 11.40828
30729 11.065446
30725 11.15795
30722 11.086212
30680 11.27311
30680 11.195707
30662 11.07413
30652 11.081681
30652 11.093009
30645 11.274242
30603 11.904407
30593 11.950093
30593 11.884018
30593 11.849281
30577 11.244036
30577 11.477753
30577 12.021076
30577 11.111132
30577 11.077151
30577 11.14247
30577 11.074508
30577 12.87514
30577 11.937255
30577 11.806616
30577 11.773012
30577 11.613678
30577 11.370145
30573 12.4617
30558 12.026362
30558 12.130193
30540 11.973879
30532 12.676915
30529 11.634444
30522 12.234403
30510 11.175697
30510 11.093008
30510 11.094897
30510 11.043548
30510 11.27311
30510 11.261782
30497 11.067712
30431 11.147001
30429 11.092631
30429 11.267824
30407 11.361084
30407 11.101316
30396 11.297651
30396 12.148695
30396 11.123592
30396 13.437719
30396 11.359196
30396 11.102448
30396 11.03373
30396 11.742807
30385 11.147378
30341 12.198534
30341 11.452456
30341 11.062048
30341 11.384115
30315 11.168145
30315 11.260272
30315 11.999177
30293 11.042792
30293 11.43622
30277 12.190227
30268 11.170788
30268 11.379207
30268 11.105091
30249 11.034863
30249 11.079793
30249 11.529857
30249 11.230822
30249 11.858721
30249 12.263098
30242 11.206279
30234 11.202882
30234 11.241394
30234 11.428291
30228 11.046568
30224 11.712223
30224 12.193625
30213 11.776033
30208 11.934613
30199 11.852302
30199 11.438486
30199 11.150777
30199 11.495876
30133 11.387891
30127 11.088101
30127 11.376941
30127 12.659547
30127 11.525704
30127 11.597065
30127 11.982186
30127 11.824362
30114 11.61179
30092 11.983696
30084 12.067139
30076 12.093947
30060 11.85419
30060 11.144736
30044 11.677865
30044 12.108672
30044 11.305203
30018 11.045057
29970 11.675222
29970 11.173809
29959 12.300856
29942 11.849659
29913 11.795666
29913 11.820209
29913 11.62576
29913 11.774523
29896 11.724306
29870 11.514377
29850 11.805484
29841 11.928949
29815 11.23573
29810 11.531368
29752 11.407902
29734 11.253099
29709 11.08659
29709 11.085457
29709 11.551001
29697 11.052986
29697 11.293121
29666 11.811524
29666 11.667293
29666 11.111133
29662 11.799819
29662 11.22327
29660 11.42527
29636 11.204014
29634 11.945185
29620 11.925551
29612 11.284437
29579 12.786789
29579 11.271599
29569 11.439996
29556 11.28859
29530 11.42678
29523 11.960665
29473 11.318418
29473 11.32899
29473 11.039772
29473 11.094519
29473 11.088478
29464 11.049588
29463 11.197973
29463 11.066578
29463 11.169655
29463 11.61028
29463 11.048833
29463 10.978605
29448 11.499652
29448 11.591024
29448 11.064313
29400 11.65219
29400 11.80133
29391 11.814545
29391 12.367685
29391 11.657853
29359 11.101315
29359 11.174564
29359 11.288968
29349 11.919887
29349 12.106406
29349 11.769992
29349 11.85872
29349 11.808504
29345 11.73299
29345 12.989543
29345 11.577054
29334 11.416586
29333 13.40034
29333 16.475647
29333 11.418852
29333 11.458874
29327 11.703162
29327 12.248751
29306 12.135102
29306 11.906673
29306 12.391095
29281 12.735816
29281 15.459229
29281 12.927622
29281 11.24819
29281 11.437353
29281 12.571951
29281 16.844156
29278 12.295569
29278 11.457741
29278 13.167756
29278 12.567797
29278 11.90856
29276 11.428291
29276 10.955196
29276 11.022404
29272 11.367125
29272 12.080732
29272 12.144919
29272 11.847016
29272 11.739031
29272 12.985012
29268 11.507958
29268 11.090365
29262 11.097162
29262 11.130011
29262 11.153042
29262 10.964257
29262 12.30954
29262 11.975768
29262 11.276508
29262 11.122459
29262 11.105469
29262 11.116796
29213 12.381278
29213 15.135652
29213 13.430923
29212 13.556653
29212 13.047689
29204 11.453211
29204 11.460762
29204 11.919887
29183 11.634067
29176 11.992759
29176 14.005207
29176 12.751296
29170 13.052975
29170 13.379951
29170 11.443016
29144 11.505315
29144 12.570818
29144 14.21287
29144 12.783768
29115 13.318785
29115 11.417719
29115 11.213453
29113 11.820964
29113 11.557797
29100 11.435843
29100 11.589136
29100 11.5729
29063 11.488702
29063 11.058272
29063 11.587248
29060 11.169278
28975 11.066956
28929 12.20684
28929 11.949337
28929 11.842108
28929 11.805861
28922 11.894212
28920 11.624627
28898 11.016739
28898 11.094519
28894 11.117929
28894 11.025046
28885 11.538919
28867 11.117929
28857 11.210433
28853 12.024852
28853 11.865517
28840 11.708071
28840 11.819454
28840 12.415637
28790 11.985584
28790 11.815678
28790 11.675977
28790 11.174564
28720 11.743562
28720 11.817565
28719 12.604422
28719 11.251211
28719 11.040149
28718 11.067334
28623 12.187584
28595 11.864762
28595 11.335786
28595 11.135675
28570 11.072998
28570 11.265558
28551 11.959155
28551 11.270844
28551 12.183431
28551 12.050904
28551 11.247813
28551 11.084702
28551 11.137562
28551 11.012586
28546 11.149267
28546 11.304448
28539 11.129633
28539 11.301805
28539 11.108866
28490 11.82776
28450 11.870425
28444 11.822474
28436 11.546092
28429 11.352021
28416 11.177584
28393 11.116795
28388 11.401106
28381 12.156246
28368 11.146246
28368 13.894578
28340 11.490212
28340 11.142848
28340 12.279712
28340 11.527969
28340 11.15493
28302 11.284815
28302 11.586493
28302 11.526837
28302 11.757154
28302 11.449434
28279 11.379207
28276 11.339939
28249 11.468691
28249 12.146807
28249 11.648792
28249 11.253853
28249 11.223648
28223 11.11453
28198 11.149266
28198 12.080355
28186 11.697876
28178 11.598198
28178 11.778298
28169 11.598575
28169 11.32748
28169 11.31653
28169 11.250455
28138 11.212698
28107 12.503988
28107 12.325775
28087 11.740542
28087 11.869671
28087 11.860231
28087 11.660496
28080 13.552123
28068 11.601596
28068 11.439995
28068 12.390339
28068 11.259517
28068 11.184003
28068 11.379207
28068 12.675028
28060 11.654456
28060 11.832668
28045 11.829648
28045 11.976522
28036 11.977656
28036 11.58687
27992 11.663517
27992 11.719397
27991 11.409035
27991 11.982186
27991 11.773013
27990 11.345226
27982 11.477375
27961 11.327857
27959 11.685416
27959 12.974063
27959 11.936878
27959 11.765083
27959 11.162482
27935 11.870047
27914 11.186269
27908 10.966145
27908 12.122642
27908 11.872691
27908 10.963125
27908 11.746205
27908 11.102826
27908 11.109622
27908 10.958593
27906 11.129633
27906 12.844557
27838 11.877222
27762 11.69108
27762 11.165502
27726 11.090743
27706 10.974451
27706 11.424515
27706 11.184759
27706 11.685416
27706 11.629536
27698 11.93197
27687 12.231005
27687 12.020321
27687 11.32597
27680 13.599319
27671 11.26669
27651 12.766399
27651 12.321244
27651 11.474355
27638 11.13001
27638 11.162104
27638 11.963685
27638 11.270089
27638 11.432444
27577 11.163615
27565 11.381095
27481 11.27613
27458 12.53797
27458 11.454343
27458 11.145491
27443 11.119816
27443 11.069221
27443 11.489835
27443 11.368635
27411 11.274242
27402 11.387891
27402 11.985961
27402 11.874201
27383 11.810014
27358 11.473222
27358 11.341072
27355 11.404126
27355 11.448302
27330 11.916112
27330 12.229495
27300 11.902519
27295 11.755645
27295 11.419985
27295 11.816433
27295 11.553644
27280 11.426781
27280 11.892702
27280 11.359573
27280 11.602351
27280 12.069028
27238 11.980299
27238 12.20382
27219 11.830781
27219 12.666343
27219 12.369951
