145716 1923.284935
145702 218.216623
145684 176.836832
145651 188.151852
145648 188.669122
145606 188.254173
145583 182.889657
145554 186.78618
145554 187.819967
145554 190.402546
145541 183.348782
145532 177.733938
145532 178.754887
145482 184.739373
145473 204.370752
145471 204.450418
145471 199.598266
145471 196.768755
145420 195.689282
145420 213.87268
145420 197.691914
145409 195.836534
145409 195.878445
145367 198.712863
145367 194.234505
145333 188.859417
145297 176.508723
145265 173.46211
145261 171.014701
145261 176.952368
145261 191.066692
145261 186.695563
145261 210.637281
145241 193.908662
145237 188.003844
145235 190.247743
145214 195.739877
145205 188.950035
145205 190.943227
145195 194.04723
145181 193.881855
145166 210.262732
145153 192.049507
145142 195.474067
145142 198.949978
145142 209.352788
145142 198.922038
145137 193.906019
145131 218.884545
145131 212.864567
145078 216.793562
145059 194.717795
145059 200.99905
145049 204.241999
145019 195.437444
145019 202.720015
145019 198.699649
145019 200.665656
145019 209.327869
145014 202.535005
145006 199.816124
144978 211.234597
144957 214.121876
144953 203.276176
144953 200.244288
144943 205.169312
144943 195.172011
144920 205.363383
144920 196.555806
144920 197.519743
144920 205.16025
144920 200.048706
144919 243.119635
144919 197.544284
144878 193.332868
144878 214.773939
144796 208.877428
144796 203.818366
144796 198.724569
144796 197.043626
144773 202.094759
144773 203.282594
144749 207.210078
144715 219.906627
144691 219.803928
144658 192.41877
144624 191.787096
144610 189.620599
144610 195.428382
144584 244.893837
144557 205.080961
144524 200.294504
144524 203.190467
144524 200.429297
144524 209.179861
144517 204.758893
144489 193.597922
144485 202.415694
144485 199.251656
144454 202.377181
144454 198.540314
144445 199.686617
144370 190.159014
144353 187.252856
144353 192.761605
144314 194.747623
144238 216.705966
144238 196.005309
144236 211.696366
144236 199.517844
144220 219.964773
144209 216.092414
144209 193.958879
144188 192.604535
144168 193.522031
144110 195.786696
144110 194.000789
144110 200.967335
144066 190.661182
144066 194.093294
144066 195.575256
144066 195.805574
144066 197.913925
144046 195.624718
144046 198.111394
144039 196.917518
144029 199.771948
144029 197.739488
144029 194.23677
144028 193.426883
144014 192.894131
143966 193.034587
143966 190.98778
143966 190.320236
143966 191.844864
143966 191.816168
143966 192.465212
143899 196.720804
143899 205.862153
143848 207.84213
143848 197.355121
143848 201.148568
143832 204.980527
143832 196.948479
143832 199.127435
143832 200.345854
143832 198.776673
143832 197.242983
143818 200.922026
143816 201.46686
143805 201.770804
143795 196.969623
143795 193.064416
143792 201.623173
143792 197.762897
143792 197.710038
143737 199.250901
143737 190.177515
143708 194.9096
143634 193.376665
143623 197.823686
143574 205.217264
143574 214.591195
143521 224.911319
143521 200.09628
143505 201.121006
143483 207.511757
143483 203.504983
143458 197.765162
143458 199.272423
143415 200.02945
143410 196.976041
143410 198.949223
143384 199.338498
143384 196.779327
143384 190.839018
143384 189.7384
143382 191.052722
143363 188.908502
143363 190.738961
143342 190.222445
143342 205.725095
143336 193.502019
143336 192.496172
143336 190.829578
143336 191.983809
143336 193.504662
143336 192.256793
143326 191.560931
143304 210.741113
143304 213.046178
143282 196.768
143257 204.965802
143257 201.178019
143257 199.242594
143257 198.958285
143219 194.74649
143219 203.68093
143213 191.459365
143191 197.305282
143191 199.352089
143191 200.341324
143158 200.98206
143147 207.924818
143147 205.860265
143136 200.717761
143136 206.39868
143136 229.669457
143132 206.852141
143132 200.498393
143132 198.606389
143132 195.386849
143127 194.282456
143127 199.424961
143127 207.258785
143118 199.484995
143101 194.56941
143085 208.727532
143085 202.19859
143085 198.340957
143076 204.395293
143076 196.848045
143076 200.800826
143076 198.991888
143023 198.895607
143005 220.915494
143005 201.384927
143005 191.894703
142985 192.653619
142985 190.075193
142985 192.02723
142985 195.199196
142985 192.001178
142967 192.494285
142967 194.848812
142967 194.50711
142967 191.957002
142929 189.942666
142929 192.043466
142906 189.15883
142862 195.181073
142845 210.090937
142828 197.850494
142828 205.246714
142828 196.051372
142828 201.147813
142819 194.05667
142772 205.248979
142699 206.744534
142671 199.063626
142671 200.696994
142667 201.395877
142664 202.715107
142664 201.341884
142662 195.224494
142624 201.151589
142572 198.235992
142564 195.256965
142560 207.35431
142543 196.394961
142543 261.5628
142519 208.129839
142519 191.886774
142519 191.063672
142511 197.236564
142493 192.353073
142493 218.154324
142489 194.19335
142459 189.195077
142459 195.405349
142448 190.18129
142448 209.91952
142448 193.872037
142428 194.171073
142428 193.696845
142428 196.411196
142402 209.690336
142385 190.905847
142385 191.975503
142385 197.545417
142363 197.751947
142363 208.095102
142362 200.069473
142362 190.800505
142360 192.322868
142360 194.578849
142317 193.880345
142308 191.985698
142308 190.179402
142308 189.722542
142299 194.060822
142263 192.084998
142263 194.219779
142263 190.299469
142256 191.979278
142256 197.81991
142256 201.736068
142256 193.499376
142239 195.968307
142239 203.776833
142239 196.277914
142187 196.535795
142187 196.380236
142119 197.383817
142119 211.761308
142119 197.011155
142119 193.623597
142111 195.20335
142111 195.113111
142111 194.253761
142111 192.55243
142105 193.423107
142105 231.051363
142105 197.34304
142088 192.210352
142088 192.064233
142061 198.384755
142032 201.356231
141994 193.901488
141994 188.415395
141961 191.116909
141961 193.255844
141952 191.045548
141907 193.350614
141894 202.093249
141894 193.191279
141888 188.87452
141888 190.631731
141888 194.156725
141888 189.581332
141853 192.741593
141853 195.513335
141816 189.390281
141788 192.733286
141788 191.628894
141788 194.58338
141788 194.941316
141788 189.658734
141788 193.259242
141788 192.401403
141764 190.208853
141764 191.421985
141764 192.728756
141764 192.433873
141759 188.046886
141743 191.796535
141733 189.668173
141719 195.563929
141719 195.341918
141719 191.437844
141695 189.204138
141677 191.422363
141657 202.179335
141657 202.898983
141649 195.202218
141639 191.467294
141603 192.954165
141597 192.179014
141562 191.916225
141562 191.265671
141562 190.40519
141562 198.446677
141562 190.039324
141562 194.359103
141534 191.477866
141484 191.878091
141484 190.341758
141484 194.496916
141466 190.127298
141422 195.262251
141418 190.388953
141418 190.254916
141403 193.885253
141403 196.372306
141403 193.8188
141403 191.627006
141403 202.582957
141387 201.082493
141387 197.239963
141359 202.346221
141359 190.731032
141359 189.827507
141293 191.04366
141293 190.945492
141293 192.743103
141200 193.695713
141164 191.221873
141141 188.919074
141138 194.292651
141138 191.710071
141127 192.850333
141112 193.92754
141045 193.169758
141045 191.949828
141045 191.95738
141045 196.557316
141045 189.909439
141031 190.548666
141031 193.017219
141031 189.729339
141029 191.647773
141029 210.261599
141026 214.769031
141026 196.169552
141026 194.331541
141026 196.871455
141026 199.080616
140990 193.056864
140990 192.217903
140970 194.828045
140970 195.478976
140960 193.827107
140938 202.612785
140938 202.85896
140895 198.406277
140869 195.171634
140869 200.05588
140863 191.047814
140851 194.312662
140847 193.37138
140847 190.217537
140847 193.247914
140828 189.26002
140827 190.884704
140792 193.085181
140777 188.822793
140777 193.27359
140723 191.034977
140718 192.970778
140718 193.283029
140718 191.828251
140718 190.8511
140718 189.896603
140699 193.861843
140699 190.52148
140682 191.795402
140674 193.258486
140672 188.769934
140672 192.669477
140672 192.478427
140672 192.358359
140656 190.485612
140614 192.750277
140614 190.416894
140614 194.152195
140614 194.425178
140596 192.486733
140564 190.848834
140564 191.52544
140488 192.360247
140470 194.800105
140470 191.257743
140470 192.596228
140452 190.834864
140408 191.519776
140403 196.925447
140392 212.712784
140360 203.958067
140343 192.966248
140343 194.959439
140343 202.394172
140302 189.30495
140301 194.9315
140301 192.55545
140286 190.129941
140286 192.950766
140284 193.214689
140265 201.70775
140265 206.666754
140245 200.247686
140213 208.99825
140213 240.325239
140194 192.533174
140194 190.706112
140194 190.4252
140194 192.731399
140194 193.584707
140194 199.431379
140185 240.203662
140185 197.386838
140185 204.09286
140176 193.711948
140176 192.880161
140174 201.272789
140154 203.464583
140114 192.313428
140111 190.092562
140060 194.264333
140045 193.54695
140045 198.606389
140026 208.333727
140026 193.090845
140026 183.092412
140015 180.52418
140015 175.064895
140008 189.843365
140008 178.288211
139997 184.695953
139997 185.12827
139986 174.214229
139986 172.680163
139977 179.110936
139972 174.678264
139972 172.994678
139960 181.070147
139946 181.055044
139946 182.200969
139905 184.870767
139905 170.877265
139886 178.703915
139886 177.841923
139886 174.291254
139876 182.122434
139876 177.087916
139876 172.286734
139876 176.080559
139800 180.147744
139786 188.228876
139786 207.657499
139772 191.460497
139772 193.647006
139761 196.962071
139749 197.660954
139749 192.324755
139748 180.437339
139748 187.448815
139748 186.385201
139737 183.451103
139694 184.786947
139694 185.708595
139694 185.182263
139694 187.632315
139677 184.065032
139677 194.719683
139677 216.149427
139659 203.448348
139659 201.452135
139659 196.299436
139659 207.939543
139638 208.592739
139599 197.568072
139582 208.728287
139582 196.248464
139582 193.939246
139582 199.670381
139582 200.653197
139582 199.903342
139527 195.17843
139489 200.920516
139489 198.874463
139489 194.814453
139489 195.602064
139489 193.170513
139485 194.350797
139485 195.582053
139477 194.636995
139458 195.525417
139458 192.737062
139458 194.620759
139458 207.004302
139458 231.10611
139458 200.137058
139436 190.51695
139436 197.347571
139436 194.094804
139436 181.842656
139434 240.961067
139411 188.656663
139404 182.967058
139382 178.60839
139378 170.568791
139376 174.777941
139367 183.728995
139332 178.668424
139332 180.963672
139315 181.269503
139296 176.92254
139296 180.379948
139296 176.29011
139296 172.934267
139296 182.713332
139296 173.740379
139296 175.446618
139296 180.378439
139296 180.253086
139296 177.348061
139296 182.335762
139296 171.245018
139289 178.946693
139230 178.233085
139215 172.509123
139206 180.510588
139206 176.73753
139197 171.026782
139180 178.962929
139162 174.586513
139162 177.725253
139151 182.56759
139151 176.077915
139145 174.271997
139145 181.167937
139104 180.083179
139095 180.219859
139060 174.334296
139060 172.42266
139007 170.420405
139007 179.32464
139007 176.15343
138990 177.227239
138990 174.793422
138984 171.471183
138984 179.713915
138984 176.140969
138957 178.881373
138933 177.561766
138932 170.982229
138932 173.337512
138932 177.652005
138913 176.902528
138901 179.575725
138898 178.034106
138898 171.598047
138880 178.83833
138876 193.657956
138863 176.429811
138850 184.351231
138850 209.943307
138843 194.363257
138804 193.11652
138804 194.829555
138804 220.344231
138792 201.783641
138791 193.414045
138780 198.428931
138745 221.549056
138716 196.582613
138716 184.515097
138716 186.518861
138707 204.699615
138707 221.441826
138690 230.252424
138683 179.624809
138683 181.197388
138683 182.784315
138663 190.998352
138663 184.549455
138655 179.428472
138655 185.084849
138652 193.946041
138652 200.674718
138588 200.390785
138588 208.516093
138588 232.266383
138588 185.112412
138582 177.298599
138582 176.245556
138582 178.483792
138535 179.626319
138505 172.293908
138467 182.941762
138467 176.456618
138454 175.920091
138380 177.042607
138371 179.805665
138349 179.758091
138349 182.94667
138349 183.588162
138333 194.065731
138331 175.718091
138328 172.522715
138305 178.18891
138272 177.347306
138249 181.840013
138249 176.73753
138249 171.181209
138249 177.214024
138249 181.529272
138194 188.810711
138182 182.506423
138137 173.380932
138135 172.402649
138111 181.023706
138045 175.648241
138015 175.721489
137969 182.889657
137969 172.117205
137969 171.786077
137966 176.707703
137966 177.921213
137927 180.855687
137927 175.463609
137891 173.970697
137891 175.806442
137864 180.345968
137834 176.172308
137818 177.395257
137817 174.404147
137794 174.672977
137780 178.653321
137756 173.188749
137756 178.038259
137740 177.664842
137733 175.159288
137733 172.914255
137722 178.318416
137708 174.618229
137708 180.216461
137684 183.123372
137684 186.441459
137684 175.943123
137672 193.876191
137623 189.935114
137586 177.86722
137586 174.353553
137586 171.659968
137586 176.732244
137586 174.382625
137586 178.049587
137586 173.790596
137570 176.410177
137561 171.254458
137561 176.586502
137550 177.049781
137550 174.98334
137515 176.147011
137515 173.325429
137479 175.630495
137479 174.534786
137479 179.632738
137479 184.115249
137479 173.874794
137444 173.114746
137419 175.795115
137419 174.565747
137372 179.13812
137312 173.592749
137281 172.57331
137266 171.643732
137266 178.74205
137266 183.058054
137266 177.094334
137266 171.872163
137266 168.605049
137259 178.99993
137254 174.882151
137254 176.311632
137225 175.815504
137225 172.887825
137225 173.587841
137225 175.450016
137203 171.49799
137203 173.269172
137203 182.470554
137182 171.547452
137182 177.572337
137182 175.438689
137182 176.732999
137182 177.164939
137136 175.45719
137136 170.887082
137136 174.853078
137135 177.227239
137135 174.653721
137135 177.77245
137135 173.819669
137131 171.073224
137130 176.217239
137130 179.097343
137120 177.719968
137106 179.070536
137106 172.948614
137084 171.543299
137082 176.291997
137082 173.914439
137082 178.273108
137082 177.007115
137082 171.134391
137082 173.629751
137071 181.960457
137064 178.978786
137064 173.991086
137064 188.476561
137064 195.74252
137064 218.354814
137064 192.677406
137064 202.50329
137064 200.032849
137064 194.357216
137040 196.425922
137040 203.259184
137014 180.037115
137011 176.535908
137011 176.895355
137011 185.818468
137011 216.530395
137011 206.498736
137011 180.80698
137011 192.485978
136989 216.246463
136989 234.827441
136989 191.514112
136988 189.517522
136988 171.374525
136980 175.155512
136980 187.438999
136980 220.187539
136961 190.900561
136932 202.076636
136920 202.5856
136887 201.75419
136883 204.490818
136883 234.881433
136876 200.984325
136876 199.727772
136876 202.488565
136852 211.716377
136837 259.997394
136812 188.670255
136812 224.22112
136782 191.072356
136751 184.992722
136725 184.858685
136709 192.019301
136703 186.970812
136698 184.019724
136698 189.340819
136694 191.127858
136694 181.31972
136694 221.862063
136677 202.555772
136677 187.279664
136677 205.672613
136677 196.963582
136666 202.963169
136657 199.154243
136657 198.925436
136657 200.207663
136657 202.201233
136657 201.919943
136616 201.096086
136600 201.371335
136600 193.656446
136600 202.336403
136599 196.635473
136599 201.034164
136576 201.796856
136576 197.403829
136569 197.177663
136569 199.674157
136564 201.755701
136564 200.666411
136556 200.173305
136548 199.248258
136545 198.902781
136545 202.71926
136508 204.560291
136508 200.946568
136508 198.468576
136499 200.344722
136499 198.658493
136471 205.674878
136459 201.674146
136424 200.005286
136398 198.134804
136382 204.086064
136380 207.377719
136364 202.766078
136285 199.684352
136285 199.705873
136273 202.248808
136271 207.106624
136271 198.523323
136271 204.712453
136271 207.501562
136228 203.231622
136228 209.593678
136228 211.8961
136228 194.92206
136228 196.398737
136173 197.380419
136154 200.239001
136154 209.816444
136154 195.932815
136154 195.207881
136154 195.855036
136154 194.694008
136145 195.812748
136130 198.133671
136130 194.735541
136130 196.837096
136069 198.172938
136069 196.312273
136048 196.955275
136032 193.84523
136032 196.963204
136032 198.061178
136006 197.184082
136006 194.808411
135982 195.578655
135954 197.803297
135954 196.455372
135954 199.651125
135939 194.219025
135918 201.666595
135918 198.509731
135918 198.434595
135888 197.719855
135888 193.232811
135863 197.893537
135863 195.739499
135863 197.542018
135860 196.858617
135845 197.53107
135845 198.524456
135818 198.809144
135808 197.698333
135787 197.215044
135763 197.68021
135733 195.667383
135648 194.422157
135636 196.467832
135617 197.802164
135617 211.267069
135601 217.35463
135601 198.906935
135601 208.295592
135601 195.194665
135601 192.237537
135601 194.206942
135601 189.368382
135583 201.938445
135550 197.189746
135542 194.936408
135542 195.556755
135520 202.454583
135520 206.031682
135520 199.183694
135520 196.305854
135520 194.03024
135520 192.674763
135520 215.705405
135520 216.67727
135510 215.569857
135505 212.947256
135437 214.529274
135424 203.36566
135417 206.86951
135417 204.803069
135417 218.246829
135417 204.823835
135417 222.760679
135417 215.466781
135397 216.473004
135397 236.58956
135397 196.990767
135397 200.954497
135363 202.083809
135339 202.021888
135339 200.035492
135339 201.745129
135326 199.170101
135326 194.399503
135326 196.213349
135314 214.256291
135314 195.538633
135289 220.023673
135249 211.305958
135240 203.067002
135208 217.237962
135176 210.274059
135154 197.744774
135113 209.005801
135113 213.564582
135113 206.473817
135093 205.355454
135074 199.737967
135039 202.733607
135023 216.557581
135019 201.899555
135010 200.12271
135001 196.297925
135001 200.619214
134982 194.668333
134949 209.754145
134931 205.072654
134931 204.216325
134915 202.329985
134885 195.907895
134885 205.902176
134885 198.943181
134885 195.275088
134885 198.27375
134885 204.86348
134885 199.991316
134885 199.005858
134885 213.486803
134858 217.799031
134846 214.61989
134844 211.111132
134844 216.592695
134844 208.857039
