18179 39.746423
18170 9.80776
18163 6.281255
18163 6.311462
18159 6.274837
18151 5.962209
18145 6.204986
18110 6.16874
18110 6.132871
18106 6.199323
18083 6.193282
18064 6.248407
18064 6.313727
18058 6.147973
18053 6.426997
18032 6.109839
18032 6.110217
18024 6.097002
17996 6.109839
17977 6.374516
17977 6.121544
17977 6.314482
17977 6.234059
17962 6.092471
17962 6.201966
17949 6.188374
17883 6.053959
17883 6.094736
17872 6.40019
17872 3.578231
17872 3.588426
17872 3.50536
17831 3.818744
17824 3.301473
17800 3.406815
17790 3.301095
17790 3.276554
17777 3.376986
17776 3.286747
17775 3.313932
17775 3.380007
17765 3.279951
17754 3.331679
17722 3.496299
17722 3.365282
17722 3.32677
17722 3.438908
17713 3.304493
17703 3.352067
17703 3.467604
17703 3.521218
17672 3.352067
17672 3.399264
17663 3.27693
17636 3.447215
17636 3.380385
17636 3.411346
17636 3.44797
17618 3.528392
17618 3.198774
17618 3.146292
17595 3.361884
17580 3.432867
17552 3.181406
17552 3.312044
17540 3.24446
17540 3.253899
17540 3.250501
17518 3.255787
17518 3.247102
17506 3.27089
17506 3.343761
17487 3.246347
17487 3.304494
17480 3.429092
17480 3.334321
17465 3.370191
17439 3.268247
17439 3.175364
17439 3.232
17426 3.215009
17426 3.139118
17406 3.210101
17383 3.201794
17383 3.055675
17368 3.090411
17362 3.130434
17362 3.236908
17362 3.05794
17304 3.120239
17301 3.108912
17233 2.972609
17233 3.149689
17233 3.545006
17233 3.114954
17217 3.040572
17217 3.090034
17194 2.96317
17189 3.13723
17186 3.239551
17186 3.248613
17168 3.44797
17165 3.398508
17165 3.349424
17165 3.224448
17123 3.144403
17059 3.047368
17059 3.236531
17059 3.051521
17020 3.077196
17001 3.528014
17000 3.058695
16995 3.067757
16981 3.242571
16966 3.054919
16944 3.055297
16944 3.268247
16944 3.080594
16941 2.972609
16941 2.983181
16941 3.248991
16941 3.011499
16936 2.990732
16934 3.340363
16923 2.973364
16923 2.974875
16922 3.303738
16922 2.966946
16906 3.093432
16861 3.266737
16844 2.983936
16839 3.017917
16839 3.260695
16839 3.051144
16839 2.963925
16839 3.443817
16839 3.103249
16818 2.973742
16818 3.053786
16811 3.252766
16783 2.97563
16783 2.968456
16783 3.327903
16783 2.971099
16775 2.974497
16752 3.701697
16752 3.439663
16752 3.011877
16732 3.318464
16732 2.985824
16721 2.976385
16707 3.1916
16696 3.147424
16696 3.051521
16696 3.152332
16696 3.196131
16696 3.054542
16637 3.016785
16609 3.28335
16571 2.976385
16545 3.047368
16513 3.396243
16513 3.335454
16510 3.295054
16494 3.464205
16450 3.278441
16432 3.257297
16428 3.335454
16427 3.014897
16411 3.041327
16403 3.282972
16403 3.156863
16403 3.058317
16403 3.362261
16376 2.971854
16376 2.971099
16376 3.392844
16376 2.984692
16329 3.003192
16329 3.328658
16327 2.974875
16327 3.346781
16327 3.1697
16327 3.02849
16327 3.082483
16327 2.971476
16327 3.276175
16327 2.966946
16318 2.979028
16295 3.801376
16293 3.182916
16293 3.251256
16285 3.374721
16268 3.211611
16268 3.293544
16268 3.334699
16249 3.227469
16244 3.291656
16244 3.234643
16240 3.144781
16240 3.103626
16226 3.299207
16209 3.102871
16198 3.030755
16193 3.516687
16157 3.039817
16157 3.231245
16157 3.548781
16157 3.074554
16110 3.051899
16110 3.424938
16110 3.225204
16110 2.962792
16110 3.316198
16076 3.1108
16076 3.150067
16041 3.123637
15994 3.316953
15994 3.272778
15994 3.097207
15976 4.113626
15966 4.068696
15966 4.002998
15966 3.385671
15926 3.613723
15926 3.713779
15926 4.198957
15926 3.430602
15898 4.225764
15898 3.710003
15898 3.35773
15898 3.403416
15898 4.368863
15883 3.902942
15883 3.643929
15866 3.199151
15864 3.523483
15857 3.634111
15857 3.349424
15857 3.485727
15857 3.832714
15837 3.329413
15837 3.439663
15837 3.236908
15763 3.533678
15736 3.199151
15736 3.130056
15685 3.48535
15670 3.176497
15658 3.262961
15632 3.253899
15632 3.295431
15592 3.700942
15588 4.27296
15588 3.747761
15547 3.824784
15547 3.475532
15529 4.049817
15525 3.787028
15517 3.554445
15516 3.988273
15516 4.052082
15516 3.637132
15516 4.255969
15498 4.1612
15483 3.297697
15483 4.325442
15476 3.535189
15458 3.862542
15458 3.884441
15458 3.956179
15458 3.328658
15458 3.279196
15430 3.271644
15380 3.426448
15380 3.430224
15379 3.331679
15367 3.368303
15367 3.334321
15354 4.211794
15354 4.604845
15354 3.992803
15349 3.589936
15349 3.352822
15349 3.586161
15349 3.447215
15329 3.302983
15319 3.238418
15319 3.147424
15319 3.18065
15315 3.305626
15274 3.286747
15274 4.016213
15274 3.520463
15259 3.268625
15259 3.259563
15259 3.477798
15259 3.293544
15230 3.321484
15230 3.376609
15230 3.33772
15230 3.412101
15230 3.333944
15202 3.455521
15202 3.290524
15202 3.26145
15202 3.113442
15145 3.080595
15145 3.500829
15145 3.162149
15118 3.901054
15118 3.355087
15118 3.387559
15102 3.798355
15091 3.35471
15091 3.196131
15086 3.188202
15076 3.329035
14999 3.178385
14999 3.175742
14999 3.214254
14999 3.349047
14997 3.184048
14947 3.221806
14923 3.280707
14923 3.090411
14923 3.22898
14889 3.395488
14889 3.538965
14854 4.04
14853 3.922953
14853 3.375477
14840 4.277113
14840 3.92975
14840 3.187824
14840 3.245215
14840 3.301095
14840 3.338097
14814 3.426071
14814 3.346403
14814 3.434755
14814 3.100228
14814 3.110422
14814 3.208968
14810 3.140251
14810 3.017162
14803 3.01603
14796 3.357731
14796 3.142138
14796 3.066247
14796 3.35622
14729 3.073798
14729 3.067002
14668 3.290146
14666 3.103249
14648 3.088523
14644 3.357353
14644 3.087768
14644 3.097585
14640 3.338475
14640 3.103626
14637 3.088523
14614 3.263716
14609 3.349047
14585 3.321484
14545 3.388692
14545 3.321106
14545 3.366793
14531 3.541985
14522 3.251256
14522 3.290524
14522 3.443061
14510 3.097585
14510 3.114198
14510 3.260318
14510 3.063226
14510 3.027735
14510 3.015275
14510 3.352822
14510 3.017163
14510 3.023581
14458 3.307514
14407 3.103249
14394 3.117596
14393 3.44495
14374 3.179517
14366 3.082482
14328 3.311667
14322 3.135719
14322 3.123637
14318 3.423428
14293 3.239174
14286 3.254654
14286 3.376232
14286 3.325638
14286 3.22105
14248 3.462317
14241 3.239551
14241 3.431357
14241 3.365659
14241 3.212744
14241 3.271268
14233 3.464961
14233 4.200089
14231 3.232755
14231 3.48988
14231 3.790803
14228 3.3532
14224 3.401906
14224 3.157619
14224 3.041327
14162 3.164792
14159 3.150822
14159 3.065491
14149 3.174232
14113 3.17914
14113 3.007345
14097 3.177253
14091 3.276553
14091 3.095697
14091 3.090411
14090 3.653368
14090 3.107025
14060 3.097207
14059 3.289768
14050 3.114198
14050 3.108157
14050 3.614856
14048 3.242194
14048 3.198396
14048 3.245214
14048 3.780609
14047 3.821387
14047 3.322994
14047 3.211611
14047 3.104758
14047 3.197641
14042 3.186691
14042 3.12779
14015 3.248613
14015 3.219163
13992 3.09834
13975 3.20406
13975 3.170456
13965 3.129301
13965 3.192732
13965 3.763619
13938 3.162527
13938 3.157996
13912 3.178385
13908 3.001305
13908 3.175742
13908 3.023203
13874 3.103248
13866 3.16517
13862 3.039439
13817 3.113065
13817 3.005458
13797 3.169701
13797 3.257675
13788 3.421918
13781 3.349802
13781 3.262583
13781 3.266359
13773 3.164415
13773 3.04397
13773 3.008101
13708 3.293921
13708 3.075308
13679 3.071155
13673 3.512912
13673 2.997907
13673 3.00357
13673 3.254276
13670 3.094564
13670 3.088523
13670 3.35169
13670 3.080594
13670 3.076441
13670 3.283727
13670 3.133076
13614 3.044347
13614 3.009611
13614 3.552935
13614 3.068134
13559 3.083237
13559 3.290145
13559 3.092299
13556 3.065491
13555 3.393223
13543 3.091544
13535 3.134964
13535 3.285615
13535 2.98658
13535 2.97865
13535 3.261828
13535 3.001304
13524 3.031132
13513 3.331301
13513 3.04548
13513 3.021693
13513 3.022071
13513 3.643173
13513 3.00508
13491 2.996019
13491 3.277308
13491 2.990732
13491 3.033398
13491 3.196886
13481 2.996774
13481 2.993375
13474 3.181406
13473 3.197641
13441 3.053786
13441 3.1512
13441 3.741719
13441 3.010744
13438 3.173855
13438 3.139873
13438 3.018673
13430 3.002814
13412 3.347536
13402 3.059073
13384 3.130056
13384 3.211611
13384 3.01603
13384 3.01754
13384 3.196509
13379 3.178763
13379 3.171966
13379 3.450235
13379 3.12477
13379 3.245592
13379 3.337719
13379 3.245215
13375 3.307137
13375 3.451368
13366 3.198773
13366 3.085125
13359 3.295054
13282 3.568037
13282 3.518575
13281 3.20859
13281 3.172344
13281 3.131944
13281 3.211611
13281 3.254277
13273 3.093431
13260 3.227469
13256 3.104004
13256 3.249745
13256 3.074931
13239 3.251255
13239 3.284105
13224 3.099095
13221 3.215009
13187 3.145914
13187 2.99262
13187 3.174232
13187 3.939188
13187 3.471002
13187 3.726239
13184 4.165353
13184 3.213121
13184 3.369058
13183 3.15271
13183 3.146669
13167 3.426071
13148 3.380008
13142 3.283349
13106 3.338097
13106 3.653368
13097 3.531413
13097 3.58616
13080 3.360374
13080 3.321862
13080 3.332811
13080 3.331678
13080 3.410213
13080 3.308269
13080 3.317331
13041 3.455144
13041 3.290901
13041 3.355843
13041 3.440041
13041 3.215764
13041 3.609192
13041 4.106452
13041 3.367926
13026 3.66394
13024 3.638265
13006 3.591824
13006 3.911626
12949 4.01357
12929 3.310912
12893 3.742475
12873 3.793069
12871 3.365282
12871 3.584273
12871 3.194621
12871 3.253144
12854 4.81213
12854 4.724911
12843 3.228225
12829 3.154221
12826 3.144026
12826 3.308269
12826 3.073798
12826 3.057562
12826 3.291656
12826 2.979028
12826 2.999039
12826 3.096075
12821 3.178007
12821 3.082859
12821 3.756822
12821 3.414366
12791 3.008478
12773 2.970344
12773 3.352822
12773 3.367925
12773 2.962415
12753 3.32677
12753 2.96317
12751 2.96468
12751 3.133076
12751 3.055675
12739 2.976007
12731 3.229735
12731 3.147802
12731 2.997151
12725 2.978272
12725 4.277869
12725 3.026979
12725 2.999417
12692 5.255398
12692 3.596355
12692 3.319597
12672 3.061338
12672 3.04397
12672 3.249745
12669 3.327902
12669 3.200661
12667 3.419652
12647 3.309024
12647 3.241061
12638 3.33772
12638 3.07493
12638 3.048878
12598 3.241439
12594 2.959772
12594 2.971099
12594 3.077573
12594 3.16819
12588 2.964681
12588 2.967323
12588 3.405305
12588 2.967324
12563 2.958639
12525 3.273155
12525 2.972986
12478 2.947689
12469 3.258052
12469 2.97714
12454 3.030755
12454 3.100228
12454 3.171966
12454 2.975252
12454 2.970721
12454 3.32677
12445 3.805529
12425 3.217274
12425 3.455899
12425 3.214254
12425 3.228602
12425 3.361507
12410 3.279573
12399 3.242194
12399 3.214254
12386 3.061716
12386 3.024336
12386 3.580497
12386 2.966568
12382 2.971477
12377 3.263338
12377 3.020561
12377 2.977518
12348 3.722085
12348 3.252388
12333 2.979028
12333 3.19613
12333 3.106646
12329 2.965058
12329 2.985824
12317 3.196886
12311 3.049256
12311 2.991865
12301 3.406815
12301 3.158374
12288 3.181028
12288 3.583517
12261 3.185181
12254 3.216142
12254 3.901432
12248 3.296564
12248 3.245215
12248 3.358863
12248 3.266359
12248 3.399641
12248 3.319596
12188 3.204438
12188 3.288635
12188 3.352823
12171 3.15271
12171 3.25994
12171 3.38265
12171 3.105891
12135 3.030755
12135 3.133077
12135 3.080972
12130 2.976007
12130 3.047368
12130 3.211989
12130 2.96317
12130 2.960527
12130 3.13572
12130 3.896145
12130 2.989977
12130 3.248613
12130 3.622029
12130 2.960527
12129 3.182538
12129 3.119484
12127 2.960905
12127 3.139873
12124 3.141006
12099 2.971477
12099 3.176497
12099 3.452501
12099 2.970722
12099 3.131188
12099 3.144781
12085 3.094187
12085 2.980539
12085 3.144026
12085 3.102493
12073 2.960527
12073 3.162905
12073 3.799488
12073 3.227847
12061 3.12326
12043 3.170834
12043 3.015652
12043 3.116086
12043 3.080972
12043 2.957884
12043 3.125525
12043 2.971854
12032 3.829693
12032 3.203305
12032 2.972609
12028 3.095697
12028 3.014141
12028 3.130433
12028 3.079839
12028 2.974874
12028 3.144026
12028 3.35622
11991 3.461562
11979 3.651857
11979 3.312044
11979 3.227469
11979 3.230112
11979 3.065492
11979 3.01754
11979 3.457787
11979 3.023959
11979 3.037929
11979 3.234643
11979 3.031132
11979 3.037929
11979 3.204437
11979 3.052654
11979 3.046235
11968 3.29732
11968 3.090789
11968 3.047745
11968 3.046613
11959 3.470624
11959 3.006213
11959 2.972987
11954 3.277308
11954 3.03151
11954 2.983936
11924 3.219162
11924 3.011121
11924 2.970344
11924 3.228602
11907 2.971477
11907 2.96317
11907 3.161394
11907 3.270889
11899 3.245593
11890 3.196886
11878 3.243327
11878 3.027357
11878 2.971854
11878 3.322617
11878 3.039817
11864 3.038306
11862 3.281084
11862 3.073042
11862 3.040195
11862 3.287125
11862 3.037173
11831 3.035286
11829 3.273533
11824 3.032265
11824 3.048123
11824 3.05643
11824 3.819876
11820 3.058318
11812 2.966568
11806 3.241816
11806 2.962415
11806 2.97563
11783 3.23049
11783 3.027357
11783 2.965435
11783 3.256164
11783 3.187824
11783 3.177252
11783 3.615611
11765 3.217275
11765 3.244082
11760 3.403794
11760 3.11382
11760 3.026602
11760 3.44797
11740 3.124392
11726 3.004702
11726 3.141383
11726 3.355843
11690 3.058317
11690 3.063604
11667 3.290901
11667 3.06096
11667 3.022071
11667 3.483839
11667 3.058318
11667 3.054164
11667 3.316953
11667 3.076064
11651 3.083992
11651 3.230112
11644 3.045858
11644 3.052654
11644 3.30034
11631 3.059828
11631 3.066624
11617 3.037929
11600 3.385671
11591 3.219162
11591 3.225581
11577 3.513668
11576 3.2724
11534 3.884441
11534 3.348669
11534 3.330545
11515 3.324127
11515 3.325259
11515 3.230868
11515 3.843663
11515 3.066246
11512 3.079839
11512 3.168569
11512 3.218029
11512 3.099095
11512 3.077951
11512 3.367548
11502 3.067757
11502 3.063226
11502 3.270134
11491 3.060205
11491 3.166302
11491 3.509137
11491 3.250501
11458 3.23351
11458 3.451368
11457 3.210101
11443 3.25994
11443 3.483839
11423 3.187447
11423 3.1293
11423 3.484972
11423 3.190844
11415 3.228601
11415 3.375099
11415 3.219163
11412 3.28637
11412 3.399264
11412 3.205192
11406 3.214254
11376 3.478176
11376 3.922197
11376 3.080594
11376 3.167058
11376 3.812703
11376 3.062094
11376 3.177629
11376 3.249368
11362 3.068889
11362 3.186692
11362 6.287674
11345 3.46194
11338 3.125903
11338 3.062471
11325 2.951465
11325 3.255032
11319 2.974875
11319 2.9677
11319 3.147801
11298 4.413794
11298 3.168945
11298 4.062654
11285 3.147801
11285 3.057185
11285 3.221051
11285 3.20406
11285 3.184048
11283 3.557088
11281 3.352822
11273 3.238796
11239 3.278819
11239 3.221051
11239 3.236153
11229 3.398131
11229 3.175742
11229 3.662807
11229 3.35471
11229 3.088145
11229 3.271267
11154 3.441929
11103 3.454011
11103 3.069645
11085 3.176119
11082 3.145914
11082 3.034908
11082 3.144781
11082 3.017917
11072 3.157996
11064 3.147802
11047 2.972232
11047 3.153843
11047 3.725861
11046 3.243327
11045 3.477043
11004 3.32828
11004 2.965813
11004 3.004325
10990 3.229356
10990 2.96468
10990 2.974875
10990 2.968833
10990 3.226336
10981 2.976763
10957 2.964303
10955 3.302605
10951 2.972232
10951 2.970722
10951 3.321106
10934 2.968078
10934 2.971476
10934 3.218407
10934 3.083992
10924 3.019805
10924 2.969588
10924 3.895768
10924 2.999039
10922 2.959394
10897 3.275798
10877 2.975252
10868 2.955997
10854 3.363016
10827 2.972232
10827 2.968833
10803 3.342628
10782 3.193488
10782 3.172344
10782 3.461562
10782 2.956751
10782 3.026225
10782 3.108912
10782 3.053786
10782 2.967323
10782 2.949577
10782 3.248991
10764 2.992243
10753 2.950332
10753 3.606172
10753 2.997151
