1193154 1065574.989381
1193142 14365.328873
1193121 13797.838411
1193077 12556.625506
1193075 12644.352402
1193070 13478.008242
1193062 13573.011291
1193039 13389.031967
1193039 13991.997025
1193036 14741.606145
1193036 13409.557808
1193006 13435.60146
1193006 13871.048871
1193000 14143.977285
1192998 14525.899607
1192970 14139.020546
1192969 14045.567799
1192969 13525.517885
1192969 14699.245426
1192959 14067.705487
1192959 13137.725102
1192921 13157.58038
1192921 12592.388565
1192921 12933.651122
1192921 13001.757966
1192842 13008.030161
1192808 13271.503087
1192808 12493.77066
1192802 12385.296288
1192802 12394.424423
1192797 12420.583232
1192797 12341.33052
1192786 12475.947465
1192784 12384.975354
1192765 12869.120621
1192765 12401.734557
1192747 12407.402638
1192725 12690.646646
1192725 12370.293164
1192718 12388.145054
1192687 12314.582323
1192658 12391.446528
1192637 12435.473086
1192582 12401.654512
1192582 12398.440258
1192543 12333.779873
1192537 12409.719409
1192497 12859.250183
1192490 12858.89338
1192490 12476.108687
1192473 12335.639028
1192473 12453.723313
1192473 12469.218033
1192453 12415.375786
1192442 12364.868615
1192442 12297.451591
1192442 12514.057878
1192442 12435.100802
1192442 12411.725816
1192442 12842.013354
1192382 12390.062734
1192382 12495.959056
1192382 12444.717511
1192364 12701.588626
1192364 12361.287363
1192358 12391.246038
1192314 12402.27788
1192314 12385.684808
1192262 12381.53267
1192262 12463.724767
1192237 12486.630055
1192237 12369.883123
1192228 12924.63135
1192228 12386.534341
1192215 12332.25751
1192215 12410.589708
1192188 12377.348439
1192188 12383.482065
1192188 12390.266999
1192188 12348.790927
1192181 12431.594308
1192181 12394.074038
1192167 12441.096614
1192162 12546.50776
1192162 12386.996109
1192147 12512.717126
1192116 12414.035035
1192116 12887.686496
1192116 12856.261717
1192107 12884.067864
1192107 12384.249665
1192102 12411.249323
1192080 12445.666345
1192080 12422.383487
1192021 12380.970091
1192021 12811.362216
1192021 12467.930142
1192003 12399.384939
1191987 12672.326191
1191986 12361.60943
1191986 12404.618814
1191980 13069.544631
1191930 12398.813298
1191907 12487.380287
1191880 12393.990972
1191871 12449.822637
1191842 12446.062794
1191839 12416.932507
1191839 12603.286748
1191839 12413.887405
1191814 12553.927012
1191810 12421.121648
1191806 12462.907705
1191798 12515.292909
1191791 12438.161008
1191791 12449.943458
1191791 12744.764897
1191791 12418.528118
1191785 12500.883325
1191785 12797.43932
1191785 12980.315384
1191773 12863.623577
1191773 13404.268429
1191755 13710.099055
1191736 12903.004513
1191736 12877.434336
1191700 12894.441602
1191700 13095.254511
1191700 12909.431134
1191700 12877.191558
1191642 13380.343702
1191624 12810.26613
1191624 12850.17793
1191624 12904.757572
1191624 13633.571643
1191624 14587.821478
1191624 14874.439072
1191623 14293.52675
1191623 13130.01852
1191563 12351.33235
1191563 12337.162146
1191563 12405.867439
1191563 12424.994384
1191545 13049.989523
1191545 12355.082753
1191532 12387.727463
1191503 12447.470752
1191477 12370.396241
1191463 12389.349881
1191395 12457.804468
1191395 12406.584444
1191375 12431.98396
1191375 12429.32851
1191369 12431.027953
1191369 12385.124495
1191369 12458.510901
1191369 12416.734661
1191362 12429.692866
1191342 12426.589239
1191340 12695.323605
1191306 12404.363577
1191299 12374.415475
1191299 12391.576411
1191297 12452.499986
1191297 12468.980542
1191211 12477.922534
1191135 12403.899544
1191115 12565.806877
1191055 13151.450907
1191046 12388.972688
1190973 12653.566999
1190973 12492.274727
1190964 12414.171716
1190964 12411.628026
1190956 12323.034983
1190956 12721.949847
1190944 12411.459252
1190934 12369.639968
1190934 12446.877968
1190892 12443.922727
1190874 12391.362707
1190874 12376.416218
1190868 12930.596579
1190868 12445.04411
1190822 12405.002803
1190801 12441.064521
1190801 12925.370632
1190801 12403.944853
1190801 12388.071429
1190787 12362.398929
1190787 12495.518054
1190787 12395.255454
1190733 12390.965504
1190703 13026.152769
1190703 12372.861773
1190703 12375.424341
1190684 13131.893155
1190684 12368.16971
1190684 12448.130367
1190627 12367.198222
1190624 12423.001192
1190624 12394.467088
1190602 12430.045893
1190590 12432.948653
1190590 12385.509238
1190573 12423.804661
1190573 12457.391784
1190563 12462.939043
1190563 12402.168385
1190551 12385.850184
1190528 12403.605039
1190528 12368.099104
1190528 12728.51126
1190528 12418.710485
1190508 12397.847851
1190485 12446.514368
1190466 12447.637638
1190466 12373.387351
1190436 12339.118714
1190436 12379.620278
1190434 12423.285502
1190396 12354.895857
1190396 12442.682409
1190396 12435.310731
1190366 12401.890116
1190322 12410.110949
1190322 12468.739275
1190312 12386.123545
1190304 12381.639145
1190304 12875.934627
1190304 12410.516837
1190304 12426.209404
1190304 12428.075733
1190290 12391.736124
1190290 12393.248292
1190290 12429.768379
1190228 12344.606317
1190226 12437.092483
1190226 12320.817138
1190226 12442.012977
1190226 13036.443818
1190223 12474.26086
1190222 12452.904741
1190222 12368.387191
1190217 12409.585749
1190167 12433.049086
1190163 12384.325934
1190124 12444.281795
1190083 12866.581084
1190053 12431.374941
1190048 12397.087802
1189977 12454.532446
1189961 12402.7472
1189961 12428.187493
1189961 12383.87436
1189900 12861.839937
1189826 12399.005858
1189802 12403.992804
1189787 12374.946716
1189735 12902.049639
1189735 12895.486716
1189720 12845.564401
1189720 12901.778544
1189718 12380.954233
1189713 12409.131155
1189705 12382.628001
1189657 12430.569961
1189648 12519.457508
1189616 12370.472133
1189616 12399.394378
1189616 12352.294398
1189589 12450.944775
1189589 12408.624078
1189583 12365.471594
1189583 12445.68107
1189583 12369.332249
1189532 12362.89921
1189508 12395.00286
1189508 12326.799358
1189507 12381.812827
1189507 12439.300514
1189487 12404.905012
1189474 12349.924392
1189474 12335.252773
1189473 12399.046636
1189473 12451.452606
1189448 12390.872621
1189427 12345.371652
1189401 12427.806148
1189396 12706.050749
1189380 12389.113522
1189368 12350.434111
1189368 12418.837349
1189368 12427.073284
1189331 12370.502716
1189331 12437.781927
1189323 12413.639719
1189323 12379.385429
1189300 12425.283603
1189300 12508.204032
1189300 12536.569361
1189292 12396.329264
1189292 12335.728134
1189280 12364.685116
1189280 12920.784288
1189277 12377.044872
1189277 12573.500999
1189244 12294.101412
1189244 12368.998477
1189244 12773.368851
1189202 12379.434136
1189184 12393.904887
1189184 12319.440894
1189163 12352.929094
1189105 12558.811636
1189105 12381.993305
1189016 12429.979819
1188985 12420.649685
1188925 12412.290661
1188925 12408.481356
1188925 12390.771055
1188920 12383.551537
1188899 12424.624743
1188888 12363.14463
1188876 12406.789088
1188876 12420.298922
1188868 12356.307213
1188868 12408.290684
1188868 12372.427945
1188868 12357.94398
1188849 12379.960091
1188849 12377.006738
1188827 12402.222755
1188772 12386.959485
1188756 12408.706011
1188731 12459.11237
1188731 12319.272498
1188731 12384.973466
1188726 12360.391389
1188726 12385.152057
1188699 12364.600541
1188699 12785.916636
1188699 12395.7395
1188699 12720.542266
1188699 12350.417498
1188659 12408.507031
1188603 12356.700264
1188591 12402.871798
1188591 12440.589538
1188591 12348.848694
1188591 12387.943055
1188552 12345.983693
1188546 12377.429616
1188546 12429.832189
1188546 12408.610863
1188533 12844.667672
1188502 12844.05261
1188462 12363.468585
1188444 12356.555278
1188423 12365.522567
1188423 12331.389099
1188423 12699.143482
1188400 12922.870741
1188400 12375.096988
1188376 12870.817042
1188335 12488.507711
1188335 12839.371875
1188335 12427.31644
1188305 12379.969153
1188305 12392.487489
1188305 12534.379454
1188305 12347.690687
1188239 12362.527681
1188239 13018.002163
1188239 12367.36171
1188239 12359.758581
1188239 12803.270512
1188230 12429.006065
1188230 12423.586425
1188230 12411.433577
1188230 12858.938311
1188230 12448.77639
1188204 12520.436546
1188204 12927.357783
1188204 12360.175042
1188179 12372.964095
1188149 12374.110398
1188129 12394.808789
1188079 12470.634676
1188079 12469.802512
1188046 12531.672654
1188021 12356.036496
1187983 12363.136701
1187963 12424.492593
1187963 12438.815336
1187963 12374.38829
1187949 12368.344525
1187911 12342.832871
1187911 12413.682007
1187911 12379.163795
1187895 12303.063037
1187894 12436.110425
1187887 12353.286276
1187887 12373.425108
1187887 12407.873091
1187871 12358.99287
1187836 12431.77441
1187827 12970.982985
1187827 12465.139899
1187824 12410.456425
1187817 12315.662551
1187788 12450.56947
1187776 12406.737738
1187776 12371.897459
1187736 12401.537088
1187730 12684.546245
1187730 12397.935447
1187730 12520.743511
1187715 12458.22206
1187712 12400.978284
1187712 12421.046134
1187712 12316.449406
1187712 12385.821866
1187712 12358.373277
1187700 12380.241759
1187700 12712.040521
1187684 12691.008358
1187664 12928.642654
1187664 12362.601684
1187664 12392.44067
1187658 12387.803354
1187652 12405.993547
1187652 12536.225772
1187618 12401.395122
1187618 12377.761123
1187618 12307.673168
1187618 12402.267308
1187594 12382.873799
1187582 12379.841534
1187542 12890.770489
1187532 12326.639268
1187523 12349.655939
1187523 12387.571904
1187523 13039.081145
1187439 12424.393293
1187439 12331.302258
1187439 12388.569066
1187419 12360.502394
1187419 12335.889734
1187349 12380.012573
1187349 12347.711831
1187335 12414.83133
1187335 12423.788047
1187335 12351.654795
1187311 13037.286177
1187311 12386.848857
1187300 12374.159859
1187293 12449.665189
1187233 12365.62602
1187233 12908.521568
1187205 12395.717978
1187186 12394.314172
1187186 12434.295445
1187186 12404.345454
1187163 12367.806865
1187163 12447.788289
1187148 12387.812416
1187104 12450.175287
1187104 12474.544414
1187010 12881.182852
1187001 12386.89039
1187001 12378.871934
1187001 12356.338552
1187001 12415.443371
1186973 12332.036255
1186973 12432.510671
1186973 12363.297924
1186964 12846.280651
1186956 12409.342217
1186956 12312.51928
1186956 12953.643457
1186925 12450.355388
1186925 12381.683321
1186906 12438.935781
1186829 12363.608286
1186829 12430.849362
1186829 12915.461683
1186829 12356.544706
1186818 12374.440771
1186805 13146.081484
1186770 12889.794469
1186770 12417.410889
1186761 12391.768972
1186746 12375.294835
1186746 12489.698944
1186746 12736.538778
1186746 12928.462176
1186712 12956.224526
1186712 12423.083124
1186657 12378.595175
1186657 12847.532674
1186657 12357.857516
1186657 12430.546551
1186656 12352.825262
1186622 12477.835315
1186622 12379.681821
1186622 12371.187628
1186622 12406.589731
1186589 12343.90517
1186575 12454.169601
1186575 12373.35337
1186575 12384.655174
1186569 12377.229127
1186568 12387.250591
1186559 12329.122924
1186527 12404.393783
1186503 12417.652534
1186503 12345.202123
1186503 12417.442983
1186495 12392.911122
1186495 12394.404411
1186491 12480.79471
1186476 12374.181758
1186476 12342.664474
1186476 12359.362134
1186430 12675.639368
1186430 12385.600987
1186380 12425.309654
1186343 12367.572017
1186343 12355.157513
1186343 12381.665952
1186343 12407.996934
1186331 12468.519906
1186331 12360.916211
1186331 12371.857437
1186308 12403.850838
1186308 12442.691093
1186281 12372.273142
1186281 12823.979098
1186273 12362.543916
1186229 12421.810712
1186162 12649.175859
1186162 12360.7346
1186140 12298.372107
1186140 12371.082285
1186140 12417.907771
1186140 12379.822655
1186138 12390.147309
1186049 12306.279556
1186049 12409.341838
1186049 12419.939476
1186049 12699.66113
1185996 12501.156686
1185996 12513.42054
1185996 12433.581082
1185989 12413.914967
1185989 12421.095595
1185989 12418.500556
1185989 12353.763147
1185989 12366.179539
1185989 12712.449429
1185989 12442.645407
1185957 12414.714661
1185957 12406.868377
1185957 12354.757289
1185917 12877.490971
1185917 12413.94102
1185873 12389.132779
1185865 12344.18948
1185856 12435.659228
1185807 12434.501598
1185754 12400.918628
1185747 12875.507596
1185686 12292.638705
1185655 12449.600626
1185592 12844.964065
1185592 12891.327404
1185582 12371.419456
1185563 12342.766796
1185563 12444.355422
1185563 12353.934941
1185560 12420.109759
1185539 12413.712968
1185539 12339.577839
1185506 12385.036898
1185506 12448.009167
1185506 12414.650097
1185473 12400.820837
1185473 12342.571592
1185464 12475.790396
1185455 12330.501055
1185449 12875.905177
1185449 12369.361322
1185431 12853.442778
1185409 12389.408405
1185390 12424.24755
1185390 12844.874958
1185386 12411.976523
1185386 12388.724625
1185380 12328.376845
1185380 12394.195993
1185380 12432.742122
1185380 12302.791564
1185357 12475.58462
1185302 12434.618645
1185273 12430.176533
1185273 12974.230087
1185271 12348.846052
1185245 12327.801429
1185237 12406.777005
1185237 12411.063558
1185237 13056.728393
1185237 12339.528378
1185237 12411.564593
1185237 12421.566802
1185237 12392.689865
1185179 12355.800137
1185142 12313.76073
1185131 12393.37138
1185127 12441.243489
1185124 12364.11272
1185124 12425.935288
1185117 12363.723823
1185096 12397.564673
1185096 12520.407852
1185096 12446.016353
1185096 12337.117214
1185023 12371.420966
1185011 13066.734
1185011 12424.647019
1185011 12407.352799
1184956 12370.722084
1184956 12319.007444
1184956 12427.058559
1184942 12401.632991
1184942 12400.546722
1184942 12403.648837
1184937 12356.546971
1184935 12451.597971
1184935 12465.610351
1184935 12378.283679
1184903 12909.711291
1184889 12372.886315
1184889 12396.908456
1184881 12534.534258
1184881 12495.650582
1184874 12961.822758
1184860 12339.377349
1184860 12396.081577
1184860 12399.47178
1184818 12369.385864
1184818 12430.935448
1184818 12330.710605
1184813 12402.274104
1184813 12405.378108
1184813 12357.640792
1184813 12381.11772
1184757 12352.56776
1184698 12429.060813
1184673 12541.060556
1184673 12395.050811
1184636 12734.134411
1184604 12383.770905
1184604 12399.489148
1184596 12502.895774
1184566 12325.62889
1184554 12377.869107
1184522 12407.101715
1184514 12415.185868
1184514 12401.915413
1184503 12381.110925
1184448 12427.718174
1184448 12496.871643
1184448 12420.143741
1184448 12443.895919
1184448 12473.539323
1184448 12414.052025
1184431 12509.642951
1184419 12499.777045
1184406 12429.926581
1184381 12398.709088
1184381 12354.188291
1184366 12402.042654
1184359 12446.947818
1184349 12360.468413
1184349 12417.289689
1184337 12719.562094
1184331 12474.436807
1184331 12432.553337
1184290 12355.246242
1184290 12483.8821
1184274 12388.569444
1184274 12425.08047
1184260 12889.208859
1184260 12418.655738
1184225 12423.549801
1184221 12380.647646
1184194 12449.462057
1184145 12636.915403
1184107 12384.437317
1184107 12355.398402
1184102 12433.969979
1184082 12434.818379
1184082 12563.818593
1184077 12550.254011
1184077 12756.462395
1184077 12388.875275
1184077 12451.178113
1184077 12383.160374
1184077 12415.406747
1184029 12377.291425
1184000 12391.36535
1183991 12395.393268
1183953 12418.242676
1183953 12439.425112
1183953 12404.135902
1183953 12394.129163
1183939 12350.824519
1183933 12381.569294
1183912 12762.15955
1183886 12344.306904
1183886 12374.700918
1183886 12374.495519
1183886 12416.076934
1183886 12427.066488
1183886 12876.224224
1183886 12390.533563
1183886 12869.245596
1183848 12903.644495
1183848 12849.57495
1183848 12832.799135
1183848 12867.43628
1183832 12899.880499
1183812 12434.098731
1183812 13683.548706
1183804 15248.090345
1183804 15319.598718
1183800 14712.697493
1183800 15245.809822
1183800 14791.965309
1183800 14796.069495
1183800 14711.282738
1183800 13161.631329
1183792 12475.238011
1183792 12419.556242
1183791 12430.227128
1183791 12760.944152
1183748 13703.401717
1183748 12564.093464
1183748 12528.573559
1183744 12599.882576
1183744 12387.766352
1183744 12526.366285
1183744 12645.835497
1183744 12618.462422
1183744 12633.259393
1183744 12500.719082
1183739 12534.528594
1183731 12373.402454
1183731 12399.488393
1183720 12405.99468
1183702 12361.529008
1183702 12346.419408
1183702 12406.395282
1183662 12721.092386
1183647 12440.222162
1183647 12873.210082
1183621 12322.121641
1183603 12437.034716
1183599 12478.260837
1183599 12429.478783
1183587 12418.949109
1183524 12483.189636
1183524 12886.714631
1183524 12384.240603
1183524 12434.943355
1183524 12372.612577
1183524 12365.578447
1183524 12542.156265
1183524 12464.050987
1183524 12448.143205
1183524 12407.762841
1183524 12304.101732
1183524 12842.394701
1183472 12425.563382
1183472 12365.530118
1183472 12464.851058
1183472 12369.612405
1183440 12355.442955
1183440 12414.516814
1183440 12369.937871
1183426 12403.693768
1183426 12390.769922
1183426 12426.663999
1183426 12425.679296
1183426 12410.023352
1183426 12398.798194
1183426 12799.336987
1183400 12411.28708
1183397 12395.202595
1183397 12422.720656
1183321 12394.500314
1183321 12386.641948
1183310 12421.445225
1183277 12425.937554
1183277 12388.3867
1183270 12353.346309
1183259 12395.353245
1183259 13091.126537
1183227 12383.17812
1183153 12420.184141
1183108 12375.083019
1183108 12991.976259
1183108 13043.686367
1183108 12392.76991
1183044 12379.096588
1183039 12453.558315
1183024 12466.382482
1183024 12420.24795
1183018 12439.639949
1183018 12455.041033
1183010 12388.380281
1182979 12352.739554
1182954 12375.091703
1182954 12424.637202
1182916 12376.5091
1182916 12403.805528
1182904 12407.027335
1182904 12397.143683
1182904 12414.237034
1182904 12395.147469
1182904 12400.871809
1182904 12412.789054
1182902 12707.218951
1182891 12441.208375
1182880 12423.176762
1182880 12399.963376
1182880 12432.655658
1182879 12361.880526
1182840 12393.88714
1182840 12754.46807
1182818 12485.111091
1182818 12499.579198
1182805 12486.152806
1182775 12464.710224
1182775 12415.052586
1182775 12344.033921
1182735 12420.772395
1182710 12408.638049
1182710 12399.872004
1182710 12936.354523
1182710 12476.223846
1182710 12500.605056
1182708 12496.846723
1182708 12425.540728
1182686 12457.192426
1182686 12389.090491
1182686 12387.146005
1182675 12460.727992
1182675 12432.540499
1182590 12370.349423
1182556 12372.202914
1182540 12749.925147
1182518 12387.63307
1182518 12931.51332
1182463 12370.231998
1182453 12408.410751
1182417 12401.950904
1182417 12403.244837
1182395 12427.687591
1182395 12394.442924
1182395 12374.457007
1182341 12429.746859
1182341 12400.139323
1182325 12417.352365
1182325 13035.889923
1182289 12336.929184
1182270 12425.815599
1182270 12379.738835
1182212 13832.37097
1182138 12538.55689
1182122 12354.791648
1182093 12369.877459
1182093 12418.309505
1182093 12423.177894
1182093 12494.09084
1182093 12399.548426
1182031 12752.169424
1182031 12418.085606
1182031 12412.750919
1182022 12391.859212
1182008 12354.704807
1181942 12410.899693
1181918 12422.354791
1181918 12895.176731
1181918 12430.954327
1181892 12426.71044
1181872 12389.771627
1181830 12379.645197
1181805 12397.954703
1181805 12855.105596
1181758 12350.26647
1181747 12436.258054
1181732 12446.261018
1181732 12910.991631
1181718 12845.384678
1181706 12348.382773
1181706 12373.933317
1181685 12393.06215
1181685 12442.546484
1181685 12441.655796
1181666 12420.209439
1181666 13020.211704
1181666 12379.279332
1181656 12507.403583
1181620 12407.976545
1181620 12432.727396
1181609 12474.660328
1181609 12928.192213
1181578 12988.11787
1181550 12451.491496
1181495 12371.971086
1181492 12404.673185
1181492 12547.406
1181492 12380.391276
1181488 12421.003845
1181488 12318.437313
1181488 12415.914956
1181488 12891.837879
1181467 12361.258668
1181443 12456.913403
1181425 12395.434801
1181422 12383.654236
1181422 12431.447434
1181422 12367.707187
1181412 12417.284025
1181408 12491.971539
1181408 12422.122208
1181408 12409.6152
1181408 12389.392169
1181408 12572.54839
1181405 12363.672473
1181334 12406.223865
1181334 12436.492903
1181334 12346.26536
1181334 12527.551854
1181331 12375.402442
1181331 12365.588264
1181331 12426.50051
1181288 12886.505834
1181288 12443.258581
1181270 12337.700938
1181259 12434.093822
1181259 12445.280469
1181247 12412.572706
1181247 12386.541893
1181239 12897.396465
1181205 12399.708894
1181205 12371.316379
1181205 12573.386974
1181171 12408.669386
1181168 12389.028946
1181151 12917.293276
1181151 12913.055052
1181151 12947.980283
1181109 12376.973889
1181109 12342.704874
1181088 12415.61441
1181087 12427.032884
1181087 12498.031538
1181087 12425.294929
1181049 12381.923078
1181049 12400.099679
1181049 12456.364793
1181032 12482.696908
1181016 12533.266755
1180953 12541.952755
1180947 12503.201228
1180937 12506.808532
1180908 12554.170167
1180883 12371.596914
1180850 12378.431687
1180832 12371.227272
1180829 12733.622426
1180783 12735.369821
1180783 12412.012014
1180758 12534.211813
1180711 12480.952534
1180705 12425.307012
1180705 12463.683611
1180676 12642.139463
1180660 13035.748335
1180660 12428.490305
1180660 12464.027955
1180660 12401.890494
1180660 12450.206248
1180660 12826.790106
1180639 12738.535746
1180639 12869.949387
1180639 12914.255725
1180594 12451.47375
