595477 135690.615307
595477 3488.465801
595477 3114.712207
595475 3246.640099
595475 3295.447826
595473 2837.152517
595471 2717.476775
595429 2713.23553
595429 2691.205827
595397 2706.071516
595391 2744.560254
595388 2893.252256
595381 2711.681452
595381 2720.09107
595378 2827.364768
595375 2804.525554
595375 2791.799178
595375 2683.852272
595372 2711.841542
595356 2924.651362
595356 2687.549061
595309 2811.380339
595309 2850.11261
595282 3030.041741
595282 2684.223423
595236 2755.140522
595230 2725.707424
595230 2741.69563
595212 2724.602655
595212 2718.78279
595212 2703.254465
595211 2677.165506
595208 2789.571892
595205 2770.969015
595205 2792.633608
595181 2737.411719
595162 2768.415508
595155 2703.154409
595155 2785.775047
595130 2946.018807
595087 2758.550735
595054 2750.479419
595054 2827.635864
594981 2773.554237
594981 2824.281531
594955 2747.684646
594946 2859.441234
594941 2899.272234
594852 2919.468457
594852 2992.931888
594835 2711.361272
594771 2903.251444
594771 3057.196957
594759 3070.14006
594719 3101.034731
594718 2949.538892
594713 3048.939877
594693 2979.383919
594669 2977.757725
594669 3074.302769
594667 2979.519844
594642 2887.676679
594642 2909.050544
594632 3205.666194
594632 2931.218437
594554 3219.262492
594553 3010.734695
594553 2757.961348
594553 2893.823143
594553 2992.517317
594553 2929.092718
594553 3031.57694
594552 2739.263701
594552 2684.900406
594546 2801.47139
594546 3011.427913
594484 2980.837186
594484 2973.002984
594484 3001.802897
594484 2787.63307
594423 3041.774731
594423 2990.097848
594396 2709.696566
594396 2971.777392
594396 2862.304348
594346 2909.650125
594318 2968.723228
594318 2798.140844
594318 3250.049179
594277 3171.300521
594252 3035.066443
594252 3025.678541
594252 3197.701731
594252 2847.911754
594231 2836.183295
594196 3088.263046
594196 2882.657641
594168 2922.524886
594167 2891.980978
594132 3160.727804
594132 3039.920106
594118 3083.037853
594053 3010.906111
594046 3261.291328
594046 2987.341964
594036 3181.135467
594034 3096.431396
594024 3141.384134
594024 2891.855625
594024 3151.882848
594010 3094.821815
593971 3100.886346
593971 3288.362724
593946 3081.67407
593927 3064.857477
593927 3008.24462
593915 3102.657527
593913 3097.115176
593884 3109.93368
593884 3029.828036
593884 3013.60234
593884 3012.513805
593884 3149.315371
593869 3145.839084
593858 3017.36407
593858 3085.734081
593815 3085.544541
593815 2890.428033
593808 2839.27937
593796 3065.695304
593753 2833.884649
593705 3139.50761
593665 3118.925512
593653 3069.45628
593653 3017.795632
593596 3073.529506
593596 2848.452813
593585 3024.079154
593585 2839.740005
593559 3094.46841
593545 2837.421348
593545 2871.18102
593545 3090.975131
593512 3123.656087
593512 3012.937439
593506 2848.818677
593506 2851.866046
593506 2851.907578
593493 2893.707228
593492 3059.904513
593492 3062.457264
593439 3053.772774
593404 3060.516931
593388 2870.191787
593388 2875.271237
593388 3091.206582
593388 2997.604318
593360 3057.567731
593323 3117.909847
593277 3085.7809
593260 2850.573246
593233 3138.595779
593233 3138.7789
593233 3162.290944
593233 2950.825651
593233 2924.962479
593193 2961.668331
593147 3092.027419
593136 3164.222215
593125 3187.062184
593125 3171.062274
593114 2943.37997
593108 2968.919942
593099 3162.441595
593071 3174.168543
593071 2884.223801
593071 3150.496032
593026 3082.860773
593013 2872.311087
593011 3143.796051
592997 3249.709743
592997 2933.903716
592997 2899.633568
592997 3129.903361
592984 3186.407477
592984 3085.228514
592984 3114.239111
592984 2966.850103
592976 2884.066732
592968 2912.044296
592951 2905.107579
592942 2940.571604
592932 2950.421651
592874 2942.93859
592874 2980.270831
592874 2913.192865
592856 2929.298871
592810 2915.062592
592773 2904.844791
592746 2906.747744
592746 2970.650346
592746 2982.833399
592720 2937.862161
592698 2858.019682
592698 2881.999535
592660 2892.654186
592651 2904.346775
592651 2912.983691
592606 2905.094364
592606 2964.727026
592606 3003.226337
592603 2924.491272
592603 2734.111757
592603 2682.74146
592558 2774.364502
592558 2766.024735
592527 2876.169099
592521 2810.798882
592504 2816.142631
592504 2776.379972
592495 2756.446914
592460 2838.240297
592439 2766.298095
592388 2822.903023
592334 2863.652273
592334 2749.835662
592334 2710.437358
592334 2780.30368
592322 2791.052722
592322 2801.30375
592322 2740.050935
592322 2733.53936
592322 2730.434602
592288 2761.808032
592241 2752.768627
592241 2777.145306
592176 2725.758019
592176 2736.617312
592176 2761.051381
592147 2736.122317
592147 2732.009825
592086 2830.822555
592058 2810.303887
592058 2786.841305
592058 2853.604756
592006 2821.142791
591958 2860.596599
591947 2823.508645
591930 2858.126158
591914 2839.371874
591914 2822.016488
591894 2787.192823
591852 2791.472957
591852 2836.840267
591848 2765.56712
591792 2846.406005
591792 2761.646809
591768 2785.191325
591746 2778.106599
591746 2739.683181
591735 2750.059184
591724 2778.342958
591724 2766.869737
591724 2756.922275
591708 2703.369247
591695 2754.071244
591695 2724.012513
591666 2738.86763
591659 2743.159846
591659 2809.919521
591659 2769.716992
591659 2725.647014
591650 2762.412522
591595 2679.353147
591595 2674.308433
591576 2664.633955
591558 2651.332162
591533 2673.837226
591533 2723.764449
591514 2678.300482
591514 2681.053345
591514 2675.645409
591514 2672.728303
591514 2672.03735
591514 2733.83311
591514 2696.370607
591465 2697.642264
591457 2688.794287
591457 2710.431317
591442 2768.81611
591387 2809.745461
591311 2854.680076
591311 2772.242181
591311 2800.084198
591310 2806.107196
591310 2854.891515
591310 2793.204872
591310 2828.379676
591290 2829.653976
591290 2789.139574
591288 2777.351837
591284 2817.418817
591284 2756.390657
591277 2703.908794
591277 2674.427367
591277 2732.368138
591277 2729.921484
591275 2813.037495
591275 2768.519718
591275 2688.954377
591275 2710.066207
591247 2709.602173
591247 2917.131675
591179 2733.834243
591169 2809.885162
591169 2760.998145
591151 2744.847962
591089 2721.460516
591003 2864.166901
591003 2834.475923
591003 2821.773333
590992 2818.434859
590974 2788.076337
590921 2842.37771
590911 2748.419775
590911 2792.241313
590911 2736.086448
590898 2746.312934
590898 2740.646362
590898 2773.804566
590847 2719.075029
590847 2739.525356
590788 2742.412258
590788 2731.875032
590779 2721.124856
590754 2791.820322
590754 2763.574304
590754 2841.479848
590734 2740.968808
590734 2677.92933
590706 2784.016703
590706 2775.336368
590706 2767.30432
590706 2721.351399
590700 2753.228885
590700 2811.290101
590684 2841.096614
590680 2824.796914
590680 2754.82374
590679 2729.469156
590679 2770.928992
590632 2759.027984
590600 2818.236635
590590 2757.049517
590577 2752.769382
590572 2770.91691
590572 2837.737374
590572 2839.840061
590534 2848.231179
590522 2795.666628
590522 2760.517498
590522 2677.861367
590514 3065.677181
590514 2979.880046
590468 2918.779014
590451 2908.498913
590451 2926.929619
590451 2872.735098
590419 2992.722714
590397 2952.820732
590387 2872.567458
590331 2765.092514
590290 2696.116125
590290 2698.840671
590290 2750.721064
590290 2672.249921
590290 2718.996495
590290 2698.875408
590290 2708.017134
590290 2729.998131
590290 2723.184124
590290 2699.795168
590271 2873.95163
590271 2727.976998
590255 2723.288333
590173 2756.460507
590160 2717.603638
590149 2770.803261
590134 2808.709787
590120 2870.446268
590120 2829.343236
590120 2894.477849
590115 2803.147802
590115 2857.961536
590115 2845.044865
590115 2833.211441
590105 2806.631263
590082 2859.158811
590082 2776.516652
590082 2739.477405
590082 2721.252476
590053 2716.450917
590022 2777.896293
589966 2748.4345
589966 2735.293551
589932 2747.205887
589929 2724.282097
589907 2816.034645
589907 2827.741584
589906 2815.97348
589906 2795.286793
589857 2737.19575
589833 2800.858972
589833 2866.663017
589745 2808.450774
589733 2769.399456
589729 2718.253059
589695 2749.976874
589689 2807.763218
589689 2865.408352
589689 2746.233266
589689 2944.699577
589689 3143.967091
589689 2940.667129
589684 2806.861581
589684 2779.07771
589666 2770.687347
589666 2800.051727
589660 2816.942702
589660 2836.559733
589660 2972.494397
589660 3027.06158
589660 2975.6826
589618 2874.402071
589618 2819.522638
589601 2819.789957
589568 2838.692248
589568 2774.489478
589545 2731.379282
589477 2749.055602
589477 2709.926506
589429 2836.511026
589429 2768.823284
589429 2739.554052
589406 2803.469114
589406 2817.344437
589406 2823.997976
589338 2699.927696
589338 2725.862229
589335 2920.588707
589322 2895.109901
589322 2905.41039
589322 2840.260297
589256 2809.537043
589247 2772.096061
589226 2834.086648
589226 2898.538615
589226 2912.377691
589188 2986.638928
589187 3108.488341
589179 2740.218953
589166 2717.988383
589160 2792.848823
589160 2761.846544
589143 2794.217892
589143 3233.193318
589136 2948.669726
589122 2813.212309
589107 2941.904048
589068 2880.723348
589062 2980.998031
589062 2981.806409
589059 2806.292583
589059 2748.27441
589051 2744.212512
589051 2727.290954
589032 2690.462014
589032 2654.020083
588965 2660.331545
588965 2836.107403
588957 2754.512246
588921 2765.511617
588912 2948.874369
588912 3009.325226
588880 2954.109378
588799 2733.33283
588799 2858.740464
588755 2809.114541
588750 2743.643891
588739 2960.650402
588737 2928.055911
588737 2851.185287
588706 2767.877849
588706 2686.657995
588706 2703.674323
588674 2720.140154
588674 2743.725824
588618 2730.617723
588618 2780.578173
588618 3214.883813
588618 2861.007017
588618 2790.49052
588618 2739.88065
588618 2726.998337
588605 2895.664552
588605 2912.795661
588605 2754.424271
588596 2746.062604
588596 2834.580133
588562 2772.293908
588562 2679.85607
588562 2675.359965
588562 2710.657859
588559 2754.062937
588559 2835.436839
588559 2877.937259
588533 2727.628501
588533 2696.138024
588533 2720.865843
588525 2705.085302
588521 2732.923922
588520 2736.582198
588511 2726.610572
588511 2702.202932
588477 2747.560803
588477 2823.438417
588477 2912.229306
588477 2842.089624
588464 2716.71144
588447 2819.069932
588423 2740.561409
588423 2719.454864
588417 2708.129273
588417 2712.305198
588417 2702.881426
588386 2769.236346
588386 2758.418585
588351 2762.909782
588351 2964.306414
588316 2858.457287
588298 2973.129848
588255 2998.727211
588255 2806.867622
588253 2862.126135
588253 2761.0982
588253 2773.082274
588253 2786.617784
588251 2780.336529
588213 2728.499555
588193 2752.186791
588177 2731.267522
588177 2757.012515
588177 2752.126757
588123 2701.582207
588112 2725.91018
588101 2715.939687
588101 2776.990503
588101 2762.296985
588101 2908.817583
588101 2876.092829
588101 3051.001788
588101 2718.579657
588090 2728.986243
588090 2775.174768
588061 2754.839977
588045 3019.44297
588045 3079.446407
588038 3147.902504
588038 2868.13554
588020 2876.793599
588006 2913.482838
588006 2814.379379
587999 2943.816063
587990 2789.730094
587966 2816.693883
587966 2775.198933
587966 2868.131009
587939 2831.437617
587939 2763.895617
587939 2760.521651
587939 2854.842808
587930 2846.217975
587930 2844.947829
587930 2742.365061
587930 2780.354274
587930 2730.175212
587930 2697.854458
587929 2677.678246
587929 2695.723075
587929 2679.731472
587906 2800.794785
587893 2950.820366
587893 2781.833216
587887 2870.23332
587863 2766.891258
587843 2717.71049
587774 2851.294027
587761 2781.757702
587761 2674.521006
587761 2647.019179
587761 2669.614859
587761 2659.189017
587761 2741.519682
587718 2684.053895
587718 2660.200905
587711 2716.850009
587711 2659.396681
587711 2655.150905
587708 2708.655228
587708 2669.418901
587701 2654.667238
587701 2642.958413
587701 2675.510616
587701 2646.561942
587701 2703.208401
587696 2648.027291
587668 2663.280366
587650 2795.302273
587644 2727.781039
587639 2810.923479
587630 2751.304033
587630 2755.361023
587622 2703.862731
587607 2689.490526
587570 2772.218394
587570 2751.777128
587565 2751.100145
587505 2732.046827
587494 2652.686128
587487 2691.346283
587464 2651.643279
587453 2675.523453
587453 2664.710225
587416 2669.02585
587416 2664.236374
587416 2802.044919
587416 2805.788527
587416 2871.04132
587416 2826.378556
587416 2957.969654
587416 2696.509176
587404 2725.188643
587404 2871.307507
587404 2836.363019
587394 2657.227918
587377 2669.184052
587377 2805.472123
587377 2846.827751
587377 2749.578538
587349 2679.554014
587307 2741.597461
587307 2889.70121
587300 2692.622847
587300 2655.690075
587285 2745.012205
587285 2652.832248
587267 2717.527747
587212 2795.581675
587162 2712.987088
587143 2775.474558
587143 2747.55967
587132 2728.660023
587094 2686.03576
587043 2665.036445
587009 2680.687857
587009 2720.225485
587003 2658.419152
586989 2752.452223
586937 2709.710536
586937 2644.408282
586895 2836.003194
586868 2727.327956
586868 2678.891756
586868 2810.809076
586839 2861.085929
586839 2786.664603
586802 2700.595616
586789 2742.087169
586781 2877.990496
586758 2862.449712
586758 2754.961931
586757 2749.367098
586757 2799.540497
586749 2756.046691
586712 2804.469675
586712 2946.814347
586700 2853.928711
586678 2741.827024
586678 2753.518859
586672 2719.168666
586672 2684.274018
586621 2723.827504
586621 2831.854832
586612 2796.9515
586603 2962.096495
586569 2900.47555
586567 2833.471965
586555 2768.636764
586481 2871.671106
586422 3035.443258
586415 2938.964288
586415 2906.281822
586373 2835.453074
586373 2818.832063
586349 2755.532818
586349 2731.432519
586349 2738.281641
586349 2710.97313
586347 2703.661486
586347 2714.928554
586323 2755.414638
586299 2707.35261
586299 2730.37268
586299 2724.053668
586299 2736.092112
586299 2710.98408
586299 2938.514979
586299 2895.918656
586270 2856.84393
586264 2894.469164
586245 2665.606953
586245 2739.598605
586245 2877.10585
586231 2806.149484
586231 3025.146922
586223 2939.477406
586223 2880.963106
586223 2811.988983
586221 2939.863659
586196 2851.088629
586183 2910.497392
586169 2959.964357
586167 2959.270761
586167 2796.717028
586167 2780.175306
586138 2701.493856
586134 2795.035709
586127 2826.673438
586115 2972.731511
586115 2878.051663
586115 2809.933869
586115 2787.51338
586104 2756.27059
586068 2773.010536
586068 2826.910174
586046 2784.071074
585976 2843.897807
585937 2723.596808
585937 2814.664067
585937 2791.303429
585916 2723.011574
585916 2774.877242
585916 2865.585054
585916 2694.565823
585916 2692.776518
585916 2746.190979
585916 2666.693978
585912 2642.339197
585884 2644.277264
585884 2660.520707
585857 2865.347185
585839 2685.408238
585839 2711.588947
585839 2826.724788
585839 2768.297706
585826 2985.979691
585826 2839.813253
585790 2761.191838
585786 2759.041198
585771 2742.46474
585752 2799.270157
585733 2800.911831
585723 2803.79609
585723 2874.372243
585723 2788.382924
585717 2788.362913
585717 2794.145776
585717 2795.690416
585686 2850.019351
585667 2857.959271
585667 2822.509973
585655 2696.815385
585655 2673.01148
585655 2743.635585
585617 2810.160788
585608 2845.559493
585608 2867.941847
585598 2744.993327
585566 2775.981257
585566 2949.250806
585566 2830.472925
585552 2762.552223
585552 2817.828481
585552 2690.141079
585552 2812.318224
585552 2818.656115
585552 2818.604011
585538 2788.061235
585515 2768.401916
585515 2787.741432
585515 2944.606317
585509 2883.477345
585509 2774.721307
585501 2846.971227
585497 2854.445605
585497 2849.308763
585497 2960.679853
585497 2899.303194
585497 2711.733934
585448 2744.808695
585436 2946.912892
585436 2748.954792
585435 2759.367797
585435 2888.551509
585396 2856.61701
585393 3051.908711
585381 2898.227497
585338 2764.066279
585338 2703.18688
585277 2713.415253
585277 2764.718342
585277 2850.578154
585253 2822.390661
585245 2734.730595
585245 2801.318097
585213 2793.781798
585185 2814.463199
585183 2828.783677
585183 2746.104893
585157 2820.655349
585157 2807.990138
585157 2819.721618
585157 2851.397103
585126 2828.923
585126 2697.81217
585126 2690.360825
585123 2930.984344
585123 3003.890482
585048 3119.141104
584994 2982.186999
584975 2899.899
584973 2781.080719
584973 2826.292847
584958 2907.440584
584958 3023.809569
584946 3064.897499
584946 2833.389655
584946 2796.039667
584932 3000.789122
584932 2906.800603
584932 2797.779511
584877 3147.384478
584877 3060.590558
584850 2859.081032
584850 2970.569546
584825 2867.319989
584825 2845.714674
584807 2788.543014
584788 2864.514266
584788 2968.222193
584781 2902.258436
584771 2942.646351
584720 2913.063736
584720 2918.341033
584720 2786.186221
584714 2900.964881
584698 2857.190539
584695 2933.91542
584695 2856.376875
584654 2832.739856
584603 2849.26119
584587 2767.579946
584587 2729.739118
584587 2954.759931
584515 3240.571037
584515 3067.591085
584515 2792.187697
584496 2744.754324
584496 2841.400936
584448 2818.695382
584429 2839.912177
584390 2882.889091
584342 2856.458431
584342 2891.758967
584342 2908.903668
584342 2918.683488
584335 2827.360993
584301 2764.025501
584296 2706.386031
584266 2738.564441
584218 2796.226943
584193 2703.274476
584140 2735.776086
584110 2749.278369
584110 2741.427177
584110 2700.159523
584084 2712.446787
584084 2713.338229
584051 2757.309662
584001 2737.771543
584001 2699.596567
583983 2697.632824
583983 2741.008074
583983 2662.665305
583983 2729.929413
583983 2698.139146
583943 2724.980225
583943 2770.840264
583928 2774.503826
583928 2715.903063
583928 2700.87162
583925 2738.96542
583925 2722.491661
583914 2703.881609
583914 2709.73168
583903 2731.766669
583903 2711.407713
583887 2739.460037
583887 2743.518161
583859 2711.935179
583837 2709.112465
583831 2733.042479
583821 2828.261876
583821 2719.952879
583818 2734.828762
583808 2718.709919
583808 2708.088118
583808 2708.366009
583808 2662.376087
583808 2787.320064
583807 2741.48419
583803 2729.867115
583796 2850.082405
583796 2773.46664
583771 2793.692692
583771 2723.802206
583770 2859.622468
583770 2816.051636
583741 2730.627541
583741 2716.880214
583741 2696.879572
583740 2762.616409
583716 2736.590505
583712 2747.359558
583712 2743.870811
583696 2773.32392
583694 2733.936942
583694 2700.812342
583694 2658.385171
583677 2679.850784
583677 2683.564564
583667 2704.036035
583587 2752.818466
583587 2857.981171
583587 2694.43103
583587 2813.727693
583577 2799.173877
583552 2644.893459
583552 2659.071593
583552 2915.773556
583530 2929.455562
583530 2802.369252
583530 2837.304679
583522 2935.934288
583522 2844.672958
583502 2921.31855
583455 2939.267477
583447 2844.705429
583437 2934.147249
583437 2731.55825
583437 2729.913177
583437 2710.370906
583437 2774.085478
583437 2762.53863
583409 2732.770628
583340 2911.500218
583330 2870.0872
583327 2837.841205
583327 3046.749594
583294 3062.240916
583217 2999.962621
583217 2944.382418
583192 3017.212665
583192 3051.218513
583175 3032.217299
583175 3003.493278
583115 3006.081144
583092 2998.333029
583092 3054.081627
583092 2988.264744
583050 3055.222644
583000 2972.702061
583000 3015.9765
583000 3018.920791
583000 3009.011465
583000 3030.127826
582976 2980.9127
582967 2930.31227
582945 2970.852346
582945 2946.639154
582945 2971.066428
