4175 19.797132
4175 4.960138
4172 0.927689
4130 0.805734
4130 0.787611
4129 0.832165
4122 0.855951
4100 0.885779
4100 0.765334
4098 0.652819
4091 0.698504
4058 0.639982
4058 0.698883
3993 0.616194
3968 0.849155
3950 0.733619
3938 0.650931
3938 0.6464
3938 0.606755
3937 0.584479
3921 0.584856
3921 0.594673
3921 0.615816
3897 0.575039
3897 0.622613
3888 0.591652
3888 0.576171
3885 0.646023
3864 0.655839
3864 0.58108
3864 0.582968
3864 0.630164
3864 0.622613
3858 0.70379
3858 0.573529
3858 0.573151
3858 0.571641
3806 0.572397
3806 0.58259
3769 0.570886
3757 0.563712
3721 0.661881
3721 0.635828
3714 0.5656
3714 0.634696
3714 0.568621
3712 0.562957
3712 0.601092
3712 0.561069
3704 0.563335
3704 0.809887
3704 0.562579
3704 0.558804
3697 0.584478
3613 0.588254
3613 0.543701
3588 0.754385
3584 0.542191
3567 0.541813
3544 0.544834
3532 0.698128
3520 0.954874
3520 0.538415
3496 0.539925
3495 0.541057
3495 0.538415
3481 0.609398
3481 0.540303
3481 0.67585
3481 0.539171
3469 0.538037
3469 0.539547
3469 1.091555
3469 0.606755
3469 0.558426
3464 0.563712
3464 0.601092
3458 0.561825
3446 0.567865
3446 0.606755
3446 0.540302
3422 0.541058
3405 0.672453
3403 0.555783
3403 0.541058
3403 0.629409
3403 0.631675
3399 0.681136
3397 0.561824
3396 0.559936
3396 0.556538
3359 0.626767
3359 0.749099
3348 0.577683
3348 0.670564
3335 0.468187
3335 0.52369
3335 0.459125
3335 0.449308
3323 0.454216
3323 0.451574
3323 0.524067
3323 0.485932
3323 0.444023
3323 0.422501
3282 0.468187
3273 0.424011
3273 0.422124
3262 0.423634
3262 0.422879
3262 0.474983
3262 0.439491
3262 0.437226
3259 0.428543
3259 0.425521
3257 0.41646
3257 0.418348
3257 0.488953
3241 0.450064
3241 0.423634
3241 0.419481
3241 0.42892
3241 0.403622
3221 0.407021
3221 0.407398
3221 0.411551
3221 0.485555
3218 0.538037
3215 0.515383
3205 0.458747
3189 0.413062
3184 0.414194
3184 0.491219
3184 0.424011
3184 0.420236
3184 0.421368
3184 0.697372
3184 0.877095
3184 0.690575
3169 0.664146
3169 0.43987
3169 0.442512
3169 0.478759
3169 0.436093
3169 0.437981
3169 0.433828
3169 0.437226
3169 0.447798
3168 0.465166
3168 0.437604
3154 0.432695
3154 0.450819
3154 0.409286
3154 0.485555
3154 0.499147
3115 0.503301
3113 0.416082
3102 0.497259
3102 0.45837
3097 0.446665
3097 0.425521
3097 0.410797
3033 0.442512
3033 0.407775
3033 0.493862
3033 0.412307
3020 0.459503
3020 0.409664
3020 0.446288
3018 0.455727
3009 0.584479
3009 0.408531
3007 0.407776
3000 0.441757
3000 0.404755
3000 0.445532
3000 0.406643
3000 0.491973
3000 0.559181
3000 0.457992
3000 0.426277
2993 0.464789
2993 0.491219
2993 0.503301
2981 0.439869
2981 0.437981
2981 0.463278
2981 0.449686
2981 0.444022
2956 0.437604
2956 0.453461
2950 0.448553
2950 0.477248
2950 0.446665
2950 0.437982
2939 0.425899
2939 0.538415
2939 0.427032
2921 0.42741
2921 0.425522
2921 0.425521
2921 0.421746
2910 0.49726
2910 0.44742
2888 0.420236
2888 0.420236
2883 0.419102
2883 0.4225
2883 0.483289
2883 0.550875
2883 0.44138
2883 0.452706
2883 0.444023
2883 0.426277
2880 0.538793
2880 0.422878
2880 0.421368
2880 0.421368
2874 0.420236
2874 0.425521
2874 0.472341
2874 0.423633
2874 0.420236
2874 0.41948
2874 0.47536
2865 0.482157
2865 0.420991
2865 0.462523
2846 0.421746
2846 0.420235
2815 0.536528
2810 0.427032
2810 0.468942
2810 0.473096
2810 0.44742
2810 0.420613
2810 0.418725
2810 0.41797
2810 0.41797
2810 0.453839
2810 0.421368
2809 0.484045
2809 0.415704
2809 0.424011
2809 0.418725
2809 0.41797
2809 0.524822
2809 0.454972
2805 0.414572
2805 0.481779
2805 0.411173
2805 0.413062
2805 0.412306
2805 0.413816
2801 0.48631
2801 0.415327
2801 0.476116
2801 0.425144
2778 0.411929
2778 0.487066
2762 0.413439
2762 0.410042
2762 0.584479
2762 0.479136
2762 0.427032
2762 0.490463
2762 0.4259
2743 0.420991
2743 0.416082
2743 0.414195
2743 0.411929
2720 0.494617
2713 0.413062
2713 0.412684
2713 0.411929
2711 0.452329
2700 0.516893
2700 0.412307
2700 0.416082
2681 0.414195
2681 0.417215
2678 0.411551
2678 0.413817
2678 0.416459
2676 0.414572
2676 0.411551
2676 0.411551
2676 0.409663
2676 0.487443
2676 0.499147
2676 0.413439
2676 0.410042
2676 0.409286
2676 0.410419
2676 0.411174
2676 0.41495
2671 0.410796
2651 0.408153
2651 0.409286
2651 0.491974
2651 0.454594
2651 0.476494
2651 0.411551
2651 0.422124
2643 0.414572
2628 0.413062
2628 0.412306
2628 0.411174
2628 0.561824
2628 0.442135
2626 0.436849
2585 0.460636
2585 0.414572
2574 0.413817
2574 0.412684
2553 0.413817
2553 0.416838
2511 0.412306
2511 0.416083
2511 0.41646
2511 0.450441
2505 0.483289
2491 0.414195
2491 0.417971
2491 0.41948
2474 0.413817
2474 0.41646
2474 0.414195
2474 0.419481
2456 0.413816
2456 0.419103
2456 0.414572
2456 0.415327
2456 0.415327
2456 0.481402
2456 0.444778
2456 0.447798
2456 0.458748
2456 0.539548
2456 0.498015
2456 0.46139
2456 0.433451
2456 0.493862
2456 0.4444
2456 0.464034
2456 0.441757
2445 0.432318
2445 0.430052
2445 0.435716
2445 0.430052
2428 0.437603
2420 0.431185
2409 0.434205
2409 0.436849
2404 0.455727
2401 0.433073
2401 0.580703
2401 0.473095
2398 0.425144
2398 0.427787
2398 0.459125
2398 0.415327
2398 0.474983
2383 0.41495
2381 0.753252
2381 0.386254
2381 0.408909
2378 0.377193
2378 0.350385
2378 0.312628
2378 0.313383
2373 0.347742
2373 0.316026
2373 0.31225
2373 0.413817
2373 0.311495
2373 0.31074
2373 0.371529
2373 0.337548
2373 0.31225
2373 0.346609
2370 0.311118
2358 0.309985
2358 0.345854
2351 0.361335
2337 0.348497
2317 0.347364
2313 0.326221
2313 0.312251
2313 0.371907
2313 0.309985
2304 0.315648
2304 0.348119
2304 0.342456
2304 0.322823
2304 0.404
2300 0.311873
2300 0.349629
2300 0.31225
2300 0.311118
2300 0.31074
2300 0.348497
2300 0.313383
2300 0.315271
2300 0.345099
2300 0.311118
2251 0.311496
2246 0.345854
2246 0.31074
2246 0.310363
2241 0.429675
2234 0.323955
2234 0.348875
2231 0.324332
2224 0.314138
2224 0.346987
2224 0.311873
2223 0.311873
2223 0.311495
2223 0.345854
2223 0.31225
2223 0.308474
2223 0.370774
2223 0.392673
2213 0.346609
2213 0.311873
2213 0.311495
2213 0.346987
2213 0.312628
2213 0.314893
2213 0.356048
2213 0.311873
2213 0.314138
2213 0.330374
2208 0.328486
2208 0.314138
2199 0.316404
2199 0.334527
2199 0.317914
2199 0.319047
2199 0.37757
2199 0.316404
2199 0.317158
2199 0.319046
2199 0.316026
2199 0.313761
2187 0.317914
2147 0.317159
2136 0.322067
2136 0.316026
2136 0.317914
2136 0.315648
2136 0.325465
2136 0.345476
2136 0.368886
2136 0.316781
2136 0.317159
2124 0.317914
2124 0.318669
2112 0.317159
2098 0.316781
2098 0.316781
2098 0.318291
2091 0.317536
2091 0.317158
2091 0.319047
2083 0.319424
2083 0.313383
2074 0.313006
2071 0.316781
2071 0.314893
2071 0.316403
2071 0.315649
2069 0.317537
2069 0.328486
2069 0.316026
2069 0.317159
2069 0.314894
2069 0.342079
2069 0.317536
2059 0.315649
2059 0.315648
2059 0.316403
2059 0.317536
2059 0.353783
2059 0.39456
2059 0.309985
2041 0.307342
2041 0.305454
2035 0.375305
2035 0.319802
2035 0.319046
2035 0.317914
2035 0.318669
2035 0.381345
2035 0.315271
2035 0.318291
2035 0.316026
2035 0.314515
2035 0.319047
2035 0.350008
2035 0.314516
2035 0.314893
2035 0.315271
2035 0.316782
2035 0.351518
1989 0.315649
1989 0.316782
1989 0.316026
1989 0.316026
1989 0.318669
1978 0.314893
1978 0.381723
1978 0.317914
1976 0.391918
1969 0.444023
1969 0.336415
1969 0.305454
1969 0.407021
1969 0.342079
1969 0.306587
1969 0.305077
1969 0.305454
1969 0.306209
1969 0.304699
1969 0.307342
1969 0.30923
1969 0.311495
1969 0.380213
1961 0.306964
1961 0.311117
1954 0.308853
1954 0.308475
1954 0.309607
1954 0.403245
1954 0.406265
1954 0.307342
1944 0.306209
1944 0.312628
1944 0.305832
1935 0.306209
1935 0.306965
1935 0.310363
1922 0.345855
1922 0.444022
1918 0.307342
1918 0.391918
1918 0.379458
1918 0.433073
1915 0.311118
1915 0.308852
1915 0.308474
1913 0.309608
1894 0.308098
1894 0.30772
1884 0.30772
1884 0.308475
1884 0.376438
1879 0.31225
1879 0.307342
1879 0.306586
1879 0.309985
1879 0.306587
1879 0.391163
1879 0.306209
1879 0.307342
1879 0.306209
1879 0.305831
1879 0.30621
1879 0.308475
1879 0.306587
1879 0.306209
1879 0.308474
1879 0.330374
1879 0.504433
1877 0.306964
1877 0.30621
1877 0.306209
1873 0.434205
1870 0.351896
1868 0.308097
1868 0.307719
1868 0.30772
1847 0.309608
1847 0.306587
1836 0.306587
1836 0.309985
1836 0.44742
1836 0.308853
1836 0.306209
1836 0.306964
1836 0.307342
1834 0.30621
1834 0.306209
1832 0.308475
1822 0.305077
1822 0.306965
1822 0.304322
1822 0.304322
1818 0.306209
1818 0.304699
1818 0.304699
1818 0.31074
1814 0.307342
1813 0.329241
1813 0.432317
1813 0.30621
1807 0.304699
1807 0.304322
1793 0.376815
1780 0.309985
1780 0.37908
1780 0.309607
1767 0.310363
1767 0.307342
1767 0.308475
1767 0.308852
1765 0.307719
1765 0.30923
1762 0.308474
1762 0.378703
1762 0.31225
1762 0.308475
1757 0.310363
1757 0.322445
1757 0.310363
1747 0.411173
1747 0.408531
1747 0.327731
1740 0.363978
1740 0.311118
1735 0.311118
1735 0.309985
1735 0.311495
1735 0.311118
1735 0.640359
1735 0.329241
1728 0.31074
1728 0.437227
1728 0.316404
1728 0.300546
1728 0.300546
1728 0.299414
1722 0.300168
1722 0.299035
1722 0.301301
1709 0.300924
1709 0.302056
1706 0.300168
1706 0.300168
1706 0.299035
1705 0.29677
1705 0.297903
1705 0.300546
1705 0.300546
1705 0.298658
1705 0.303944
1704 0.300168
1698 0.300924
1698 0.301301
1698 0.300168
1692 0.300168
1692 0.299413
1692 0.299035
1692 0.342456
1692 0.501791
1692 0.312251
1692 0.30621
1692 0.312251
1692 0.348875
1692 0.420235
1692 0.305832
1686 0.307719
1682 0.316027
1682 0.368509
1682 0.297526
1682 0.300168
1679 0.301301
1679 0.301301
1673 0.430053
1673 0.383234
1673 0.382101
1673 0.300546
1673 0.300545
1660 0.302056
1645 0.304322
1645 0.368886
1645 0.381346
1643 0.302056
1633 0.299036
1633 0.302811
1633 0.299035
1633 0.352273
1633 0.317914
1633 0.414194
1629 0.421368
1629 0.297902
1627 0.303566
1616 0.384366
1616 0.434205
1616 0.319802
1616 0.302811
1616 0.380213
1616 0.298281
1610 0.298281
1610 0.377947
1610 0.295638
1610 0.299413
1610 0.366998
1598 0.301678
1598 0.299035
1598 0.365865
1598 0.29828
1598 0.300168
1598 0.367754
1598 0.300168
1598 0.299791
1598 0.369264
1598 0.298658
1598 0.300545
1597 0.379458
1577 0.299413
1577 0.297525
1577 0.368509
1577 0.341323
1577 0.411929
1577 0.339058
1577 0.297903
1577 0.299035
1577 0.451952
1574 0.313383
1570 0.298658
1570 0.366998
1570 0.295637
1570 0.300924
1570 0.363978
1570 0.297525
1570 0.29677
1565 0.368131
1565 0.298658
1565 0.297525
1565 0.370774
1565 0.298657
1565 0.297525
1562 0.444777
1562 0.305077
1562 0.406265
1562 0.362468
1562 0.305831
1556 0.306587
1556 0.360202
1556 0.306587
1556 0.30923
1556 0.359824
1556 0.314139
1556 0.375682
1556 0.386254
1553 0.308475
1553 0.362467
1553 0.305832
1546 0.308852
1546 0.330752
1546 0.345477
1546 0.308852
1546 0.333017
1546 0.326598
1546 0.305831
1546 0.308097
1544 0.363223
1544 0.310363
1544 0.30923
1544 0.307342
1544 0.306587
1544 0.30772
1544 0.306586
1544 0.304699
1544 0.306587
1544 0.306587
1544 0.306587
1544 0.31225
1544 0.307342
1544 0.31074
1544 0.306587
1544 0.30772
1544 0.406265
1544 0.435338
1544 0.30772
1541 0.306964
1541 0.307719
1541 0.308853
1541 0.305832
1541 0.307343
1541 0.30923
1541 0.306965
1541 0.306587
1541 0.309985
1541 0.308098
1538 0.308475
1538 0.306587
1538 0.375682
1538 0.31225
1538 0.31074
1534 0.307343
1534 0.308852
1534 0.314138
1534 0.318291
1534 0.300923
1534 0.302056
1534 0.300168
1534 0.299791
1534 0.300924
1534 0.300924
1534 0.299413
1534 0.298658
1534 0.300545
1534 0.325088
1534 0.322445
1534 0.420235
1534 0.299791
1534 0.29979
1534 0.302811
1529 0.299036
1529 0.3013
1529 0.397203
1529 0.39947
1494 0.320179
1494 0.300546
1494 0.299413
1494 0.302811
1494 0.297525
1494 0.454217
1494 0.311873
1483 0.305077
1483 0.300546
1483 0.300168
1483 0.304321
1483 0.306587
1483 0.300924
1483 0.299036
1478 0.299035
1470 0.299791
1467 0.300168
1467 0.300923
1462 0.302434
1462 0.303566
1462 0.299791
1462 0.301679
1462 0.346987
1462 0.421368
1462 0.385876
1462 0.370397
1462 0.303943
1462 0.299413
1456 0.299036
1456 0.29979
1456 0.398714
1452 0.301679
1452 0.300168
1452 0.302433
1452 0.303567
1452 0.302812
1452 0.524067
1452 0.30923
1452 0.308475
1452 0.34812
1452 0.39154
1452 0.348497
1452 0.300924
1452 0.299791
1452 0.300168
1452 0.300923
1452 0.303944
1452 0.299036
1452 0.300924
1452 0.299036
1443 0.29979
1443 0.300545
1443 0.300546
1441 0.345099
1437 0.424389
1437 0.302056
1429 0.301301
1429 0.353028
1429 0.299413
1429 0.305454
1429 0.299036
1421 0.29979
1421 0.304321
1421 0.300168
1421 0.305076
1421 0.29979
1421 0.357181
1421 0.380968
1421 0.29526
1421 0.299791
1421 0.299791
1421 0.301678
1421 0.298281
1421 0.300169
1421 0.302433
1421 0.299791
1421 0.300168
1421 0.298281
1421 0.299413
1421 0.299791
1421 0.300168
1421 0.298658
1421 0.299791
1421 0.344343
1421 0.424767
1421 0.300168
1421 0.299791
1421 0.301301
1421 0.301301
1420 0.303188
1416 0.305832
1416 0.299413
1416 0.299791
1416 0.29828
1416 0.299036
1416 0.300168
1416 0.301301
1416 0.300545
1416 0.321689
1416 0.687555
1416 0.360202
1416 0.298281
1416 0.299791
1416 0.303189
1414 0.297902
1413 0.300546
1413 0.299413
1413 0.302056
1413 0.300168
1413 0.341323
1413 0.300923
1413 0.304699
1413 0.383611
1413 0.299413
1413 0.344344
1413 0.424766
1413 0.297526
1413 0.29677
1413 0.297903
1386 0.298658
1386 0.298658
1386 0.300168
1386 0.299791
1386 0.29979
1386 0.297903
1377 0.300168
1377 0.301301
1377 0.299413
1377 0.297903
1377 0.391163
1377 0.366243
1377 0.311873
1377 0.364732
1353 0.310362
1353 0.308097
1353 0.365488
1353 0.308474
1353 0.309985
1353 0.363978
1353 0.308097
1353 0.307342
1352 0.44289
1352 0.308475
1352 0.308097
1352 0.343966
1352 0.344721
1352 0.476116
1352 0.308474
1351 0.307342
1351 0.357559
1351 0.31074
1351 0.309985
1351 0.379458
1351 0.320557
1351 0.306586
1347 0.361334
1347 0.307342
1343 0.310363
1343 0.363222
1327 0.370019
1327 0.403622
1327 0.34661
1327 0.307342
1327 0.307719
1327 0.421746
1327 0.308097
1327 0.307342
1327 0.361712
1327 0.382856
1327 0.305831
1327 0.36209
1327 0.308097
1327 0.308852
1327 0.420991
1327 0.332262
1327 0.402868
