73514 243.477949
73457 83.657823
73431 85.570216
73431 52.573234
73431 51.509997
73406 51.057291
73404 46.175687
73392 45.279713
73392 46.334644
73385 47.693519
73324 47.264977
73307 48.621963
73307 46.931205
73278 51.997062
73276 51.694629
73270 55.187907
73270 47.99331
73270 47.692386
73215 51.206431
73209 50.085047
73209 48.550603
73209 49.84529
73209 49.374839
73196 50.78393
73196 49.78639
73119 52.120528
73072 51.341978
73072 50.386348
73028 50.233055
73028 51.750132
73028 50.587216
73028 51.675372
73028 50.744663
73016 50.705772
73014 52.25079
73009 51.701803
72994 51.279302
72969 52.145448
72926 52.349713
72900 50.695579
72897 51.651964
72880 52.55209
72868 50.306304
72793 52.003858
72793 51.745223
72793 51.376714
72793 50.860199
72724 52.161683
72724 50.690293
72724 50.592124
72698 51.010472
72641 50.961388
72641 51.664423
72616 48.025402
72591 51.80639
72591 50.343683
72576 54.317986
72576 46.788106
72576 48.686528
72576 48.300651
72569 43.904603
72530 44.809261
72487 44.355044
72483 44.877978
72483 43.98125
72466 47.046742
72466 45.784902
72466 47.190973
72463 44.886286
72463 46.442251
72462 48.907406
72462 44.250458
72435 45.434895
72435 44.094898
72432 45.258947
72432 44.455477
72395 44.934237
72395 44.816812
72384 45.882693
72384 45.467366
72353 48.166615
72353 44.847773
72311 45.306143
72311 46.537399
72311 46.756767
72282 45.565911
72233 47.244588
72233 46.157186
72196 44.797557
72160 45.242334
72111 44.308603
72111 45.76338
72058 45.410353
72058 44.919889
72058 45.337481
72021 45.41073
72021 47.44621
72003 44.979545
72003 44.535145
71985 44.285949
71985 45.141522
71912 47.007096
71896 47.042211
71896 45.0611
71896 44.884775
71862 44.883265
71821 44.643508
71821 45.534196
71799 44.54685
71780 47.74147
71766 45.466233
71728 45.382413
71711 46.104704
71711 46.58082
71672 44.56384
71672 44.122461
71666 44.765086
71666 44.573658
71636 45.698438
71636 44.162861
71636 46.411291
71636 44.196087
71636 47.141512
71632 45.583279
71618 46.494356
71618 43.775475
71604 43.670887
71598 46.182483
71598 45.946879
71533 46.688428
71489 45.493795
71479 47.846812
71479 44.774902
71479 48.727683
71479 45.640292
71479 47.594218
71479 45.036558
71469 43.961238
71469 43.922349
71431 44.191557
71431 45.113582
71431 44.506072
71431 44.534767
71430 43.761127
71424 45.290663
71424 45.637272
71412 48.424872
71403 43.857784
71400 46.379197
71399 45.893265
71399 43.860427
71370 45.538726
71370 46.751104
71370 46.317654
71370 45.466233
71360 45.743747
71360 44.242529
71348 46.003893
71328 44.357309
71324 45.459814
71298 44.407904
71287 44.836069
71287 46.687294
71283 43.694674
71283 43.672397
71283 43.693919
71267 44.828517
71255 43.664468
71228 47.837751
71205 44.086969
71191 43.983893
71191 45.699949
71189 45.653885
71184 47.115459
71184 44.804353
71134 46.521541
71134 46.588371
71112 53.817328
71112 46.963676
71112 49.115448
71104 50.478476
71104 46.040894
71102 45.240824
71102 46.851537
71095 45.972555
71095 44.699011
71095 44.80775
71095 46.720898
71094 48.498499
71068 47.541358
71009 50.944397
71009 48.551358
70998 47.667844
70998 44.690704
70998 46.048069
70998 43.781138
70962 47.086764
70935 45.815863
70923 45.476427
70889 43.868734
70889 44.809638
70872 45.144543
70861 44.340696
70837 44.596689
70837 44.516267
70776 47.27215
70776 43.868356
70776 44.662386
70776 45.643691
70747 43.99824
70747 47.094693
70747 48.229291
70738 44.51891
70738 43.980873
70703 44.604618
70664 44.613302
70664 47.320857
70664 44.057897
70664 47.016158
70664 46.279141
70656 46.62122
70610 47.001055
70610 44.687306
70610 45.178525
70609 45.195893
70599 45.173616
70599 44.227048
70599 45.605556
70583 44.432823
70583 46.934225
70583 45.258192
70583 46.732225
70583 46.735246
70559 47.142644
70559 43.742626
70559 45.480203
70559 44.61972
70485 44.334277
70485 46.076386
70485 43.775097
70485 46.876457
70470 46.439231
70464 48.160195
70460 45.777351
70460 43.86307
70433 43.984648
70413 43.853254
70363 43.843814
70353 44.376188
70263 45.429608
70263 44.416211
70247 45.492285
70205 44.173433
70188 45.512674
70188 44.631048
70131 44.922155
70113 48.722397
70100 43.542891
70095 46.004648
70095 43.400169
70086 45.729021
70050 47.347287
70050 47.419781
70050 44.964442
70040 47.023332
70017 46.103193
70017 46.082427
69979 46.387504
69956 44.620854
69956 43.948779
69955 44.065448
69955 45.299724
69955 43.804547
69909 45.684091
69882 44.856835
69882 44.561953
69804 44.410547
69774 44.971616
69774 47.175493
69747 44.670315
69747 48.478487
69747 44.417343
69726 44.083949
69726 46.899111
69726 46.786973
69726 44.767728
69708 44.054121
69690 46.180218
69690 44.185893
69690 45.37033
69672 46.215709
69650 44.983321
69650 43.996353
69650 45.712031
69628 44.17381
69628 44.115288
69628 44.535145
69628 45.520603
69578 44.225538
69578 45.266121
69578 53.13959
69578 44.237998
69578 45.715051
69545 44.411302
69545 45.897418
69545 46.998412
69545 46.607627
69537 46.582708
69537 45.237426
69537 44.468315
69529 44.628783
69529 45.296326
69529 44.628028
69526 46.310102
69500 44.421497
69500 47.263467
69480 45.093949
69480 43.684857
69458 43.961993
69458 43.690521
69458 44.109246
69457 48.4143
69429 47.422801
69417 44.434712
69397 45.840405
69397 43.513063
69388 44.34485
69388 46.924786
69382 46.86211
69382 44.661253
69377 45.355227
69377 47.425822
69367 43.896297
69330 44.444906
69330 43.615762
69330 46.765829
69323 47.61876
69323 46.250446
69311 44.837579
69311 44.026558
69279 43.994088
69270 44.012966
69270 44.323328
69270 44.454345
69270 48.836801
69270 44.695613
69244 46.32294
69240 44.248947
69240 47.018046
69240 47.659538
69203 46.721653
69203 45.102633
69201 44.470203
69201 45.348809
69190 46.713347
69184 46.194943
69184 43.911399
69184 45.330307
69180 45.770932
69147 47.47113
69147 44.059784
69147 43.509665
69144 43.897807
69144 44.146248
69125 44.650304
69109 44.003527
69109 47.92799
69109 43.968412
69070 46.196831
69045 43.692031
69045 45.346921
69036 46.784708
69033 47.276682
69033 45.70599
69033 45.336349
69033 46.976135
69033 44.792271
69033 45.296327
69033 44.835691
69033 46.174177
69033 45.372218
69033 47.497183
69033 45.434894
69033 44.412435
69021 43.980495
69011 43.701471
68999 43.975964
68990 44.667672
68972 48.42827
68972 44.268958
68972 46.09904
68972 44.112266
68970 45.655395
68962 47.493406
68954 47.18833
68954 45.936686
68954 44.794158
68940 48.526438
68940 44.55931
68940 45.198536
68884 44.591026
68874 45.175126
68867 44.497766
68831 47.422423
68807 44.518154
68807 43.798128
68807 44.04959
68777 45.209486
68776 44.89648
68763 45.134349
68737 47.838506
68729 44.443773
68707 46.210801
68707 44.26707
68661 43.926879
68641 48.780165
68641 47.497183
68629 45.651997
68611 45.704857
68611 46.168513
68611 43.810211
68611 44.015986
68596 44.378454
68596 47.734674
68596 45.358626
68588 45.643691
68588 44.161351
68574 45.466611
68556 44.312756
68556 45.500592
68556 44.529482
68556 44.53137
68556 48.309713
68556 44.612925
68551 45.613485
68551 44.167015
68551 46.114521
68544 47.25818
68544 47.465844
68514 45.022965
68514 45.107164
68486 44.973126
68471 46.856446
68471 45.677295
68469 44.61821
68461 45.617261
68461 44.850039
68441 47.07808
68441 45.362024
68419 44.561953
68348 43.826824
68348 44.239885
68346 44.714491
68346 44.841732
68323 47.152084
68303 44.233089
68303 45.864191
68303 44.012589
68257 46.422995
68257 44.507205
68250 48.45319
68246 45.968402
68246 45.48851
68246 45.412995
68213 46.391657
68213 46.133777
68213 44.543452
68189 45.191362
68181 44.349758
68140 46.104327
68140 44.240641
68140 46.494734
68137 44.671826
68137 46.635568
68128 46.42224
68128 44.117553
68123 46.44565
68074 44.023537
68067 45.121512
68067 44.042416
68067 46.257997
68037 44.189668
68037 47.100734
68037 46.580065
68012 47.726745
68003 47.914398
67985 46.961788
67982 45.967269
67982 43.821915
67968 44.157575
67945 43.664846
67922 46.881744
67922 43.991067
67922 45.54439
67922 45.16682
67919 46.405628
67919 46.124337
67899 43.892143
67899 48.674445
67886 45.255548
67886 46.691825
67886 44.334655
67885 44.58876
67885 43.930655
67860 45.430741
67860 46.17682
67860 46.656334
67860 44.287459
67830 46.666529
67827 46.106592
67800 43.799261
67800 43.90347
67800 44.098296
67800 44.631803
67800 45.420169
67800 45.09546
67800 44.014476
67787 44.947074
67787 46.957257
67787 44.881755
67787 50.392012
67786 46.288203
67744 50.146214
67723 54.790326
67717 45.459815
67717 44.939901
67717 45.782259
67717 44.706184
67704 46.765829
67704 44.759421
67704 45.959339
67686 52.250789
67680 45.171728
67680 50.47319
67680 53.029339
67680 46.43168
67671 45.273295
67662 45.490775
67662 44.964065
67653 46.154921
67642 46.935736
67614 44.374677
67614 45.805291
67609 44.561953
67609 44.228936
67609 45.949145
67609 43.801149
67552 46.214577
67523 46.020128
67523 44.13039
67521 45.215904
67521 45.139257
67521 45.423946
67521 44.275377
67521 45.072428
67513 43.73734
67464 45.419414
67430 43.961993
67430 43.779628
67430 44.195332
67424 45.440936
67424 45.782259
67413 44.613303
67413 45.343523
67409 45.620282
67406 50.587971
67385 45.897796
67352 51.37596
67328 48.872293
67326 47.024087
67315 46.52796
67269 45.325022
67247 46.276499
67246 46.499642
67229 45.18079
67229 43.789445
67229 43.984648
67203 43.705624
67203 45.764135
67137 44.510603
67137 43.968791
67110 44.789627
67110 44.344472
67110 44.653324
67110 44.700143
67110 44.736768
67098 47.070528
67098 44.690704
67098 43.883082
67098 46.278764
67074 45.037691
67047 47.024464
67047 46.631414
66974 44.91045
66961 46.134154
66951 45.158136
66951 44.844376
66902 44.729972
66891 44.420741
66891 43.736962
66891 45.593096
66891 45.04411
66891 46.187392
66865 45.210996
66810 45.773953
66747 47.095447
66747 44.196088
66714 44.304828
66688 43.929146
66663 47.84568
66655 43.838906
66655 47.818117
66655 44.153044
66655 46.30255
66655 44.757911
66655 45.362401
66655 48.282528
66644 44.933859
66623 45.254793
66607 43.721104
66607 44.440375
66607 44.462274
66589 44.725818
66577 43.863448
66577 43.815496
66577 45.499836
66539 46.055997
66510 47.889478
66506 45.946879
66505 45.388831
66505 44.814547
66482 46.694091
66482 45.272162
66482 45.235916
66482 44.510603
66482 46.200229
66482 47.656517
66468 44.178719
66461 48.00577
66461 45.217036
66461 45.798117
66461 44.088102
66431 49.61233
66421 49.988767
66413 45.004843
66413 43.906868
66391 46.150013
66391 44.04959
66391 43.724879
66391 47.223444
66385 45.748278
66381 44.07753
66357 44.148891
66357 48.164349
66357 43.920461
66350 46.354278
66310 43.990311
66310 46.247048
66272 44.843997
66262 47.455272
66262 49.579482
66252 47.88608
66238 46.210424
66238 44.513246
66215 44.755268
66215 44.429803
66215 45.564401
66190 43.841549
66182 45.670876
66182 44.865519
66181 45.910256
66095 46.158696
66095 43.909134
66095 45.103766
66095 44.475867
66095 48.52455
66069 43.96728
66063 43.969168
66051 44.655213
66045 47.004454
66045 45.875141
66045 46.813026
66032 45.157003
66028 47.220046
66007 46.170401
66007 45.27405
66000 44.011833
65990 44.447171
65990 45.71845
65959 44.704674
65959 44.544961
65918 43.885725
65918 44.700898
65918 44.787362
65892 44.574412
65874 46.010312
65874 44.248947
65861 49.281579
65861 43.753575
65856 45.727511
65856 44.33088
65815 47.03617
65801 45.488132
65753 46.893825
65747 45.578749
65747 45.764891
65747 45.027119
65747 45.223078
65747 45.598005
65747 44.153044
65745 45.209863
65733 43.869112
65731 44.4366
65731 44.749227
65721 43.930656
65721 44.710338
65721 44.231202
65721 45.370708
65721 45.491153
65717 49.143388
65688 44.223272
65679 44.656723
65675 47.44017
65675 47.189462
65675 45.0611
65669 44.947074
65669 45.668988
65669 45.195892
65669 45.340124
65669 43.746024
65669 45.250263
65660 44.558555
65660 46.875702
65644 44.311246
65644 44.289725
65594 43.843814
65594 44.38676
65593 44.580453
65556 45.454528
65556 45.830211
65556 44.563085
65556 49.271007
65556 45.459436
65548 44.345983
65548 48.250435
65548 47.056936
65541 45.220057
65541 44.378076
65541 46.225527
65541 45.185698
65523 46.169269
65523 44.171167
65483 45.106408
65483 44.287081
65483 45.752431
65483 45.297459
65483 45.128308
65483 44.538165
65449 43.488143
65449 44.979167
65413 44.0915
65409 46.965941
65409 44.955003
65352 47.650098
65352 43.766035
65349 44.299164
65349 46.968584
65293 47.204188
65276 45.292928
65260 43.728278
65260 48.942521
65256 45.407709
65223 45.459437
65223 44.172301
65223 46.75639
65223 44.37581
65223 47.349175
65223 44.92442
65205 45.366932
65179 43.978984
65159 44.702031
65159 44.76433
65159 44.413945
65159 44.833048
65154 44.038263
65154 48.733724
65154 44.891949
65144 46.455089
65120 45.635384
65120 46.970472
65120 46.150012
65114 43.928013
65114 46.051089
65114 43.87704
65114 45.019568
65114 43.935564
65096 43.898562
65096 43.851744
65092 48.999911
65092 44.008435
65073 45.843048
65037 45.434517
65011 45.790566
65002 46.843231
65002 46.713724
65002 44.260274
65002 43.778117
65002 48.023515
64973 43.986914
64952 43.923859
64925 44.238753
64925 46.038251
64908 45.197781
64908 45.903081
64905 46.659732
64879 45.070162
64879 47.813209
64879 45.16229
64879 43.95331
64836 44.27953
64836 46.422996
64827 44.182495
64809 43.837773
64805 44.589138
64801 43.896296
64747 45.972554
64736 44.886285
64736 46.073365
64736 43.888368
64736 49.518315
64736 45.550054
64736 44.288969
64736 48.390135
64714 47.533806
64714 45.505501
64714 45.993698
64714 47.816607
64714 44.695613
64714 45.607822
64684 44.045436
64680 45.098102
64680 45.520603
64680 45.361268
64666 44.278775
64655 43.690898
64651 44.039395
64651 43.879305
64651 44.967463
64651 44.366372
64651 46.340685
64642 43.719217
64642 45.465855
64642 47.572319
64629 44.648416
64629 46.756012
64577 46.982177
64577 45.923093
64577 44.173433
64485 47.078079
64485 43.83211
64457 46.034853
64437 44.373545
64425 45.823414
64401 52.339141
64401 48.084681
64401 51.423156
64394 53.34461
64379 44.450947
64379 44.703919
64330 44.6975
64330 44.167015
64330 45.132839
64330 44.133033
64330 50.765051
64295 48.62725
64295 49.385788
64295 52.317997
64295 49.56098
64295 48.621964
64288 46.447538
64277 44.445661
64277 45.532307
64248 44.142472
64248 46.483784
64220 44.699765
64220 46.968585
64218 45.266498
64187 44.768484
64187 44.174943
64185 44.217608
64171 44.814169
64171 44.649927
64151 44.738278
64151 44.403751
64151 46.033343
64151 46.827373
64142 46.345594
64142 44.522686
64133 46.466794
64133 46.887784
64133 46.398831
64133 46.23119
64112 44.082439
64112 46.264038
64112 44.636712
64112 45.463968
64112 45.542879
64112 45.335594
64062 44.38827
64062 44.851926
64062 44.671448
64055 44.29199
64055 45.182678
64055 44.84815
64051 44.921021
64045 44.513247
64045 45.264233
64037 47.605922
63983 46.343706
63980 46.133777
63969 46.308214
63969 46.401474
63907 44.907052
63893 46.345216
63893 44.26103
63893 44.906297
63893 45.254416
63893 45.612731
63893 45.789056
63877 45.587056
63828 44.759045
63811 45.423945
63803 45.379769
63803 45.217792
63803 47.552307
63803 43.889123
63803 45.220813
63803 45.543257
63803 45.343523
63803 47.422424
63803 45.255927
63803 44.547605
63767 45.79774
63742 44.833048
63701 45.343522
63679 49.480935
63660 43.961994
63660 45.167953
63660 45.01768
63660 44.171545
63660 43.926502
63660 44.58574
63618 44.632181
63618 44.589137
63618 44.474734
63610 43.908756
63585 45.954053
63573 43.844947
63573 46.296132
63573 45.322757
63532 46.005781
63532 47.961593
63532 45.755829
63532 47.508132
63532 47.361635
63499 44.875336
63476 44.925175
63474 47.769033
63459 44.745074
63456 46.015975
63454 44.608771
63431 44.009945
63431 45.561758
63431 47.627444
63427 47.8891
63419 44.586117
63413 45.172861
63368 43.823048
63368 45.156248
63368 43.798506
63355 47.260824
63355 45.121511
63336 46.109234
63307 48.328591
63285 43.861182
63285 55.192438
63255 47.800749
63239 45.742992
63239 45.064876
63239 46.589127
63239 44.902521
63235 45.335593
63235 44.387138
63235 45.455661
63235 45.09848
63235 46.79679
63235 46.356165
63202 44.207792
63188 44.765841
63188 45.675406
63188 44.655212
