458 9.867416
440 2.980916
440 0.293372
413 0.25486
413 0.253727
395 0.205776
373 0.18954
354 0.174815
354 0.155936
352 0.164998
350 0.149141
342 0.140078
342 0.174059
342 0.143099
336 0.134037
315 0.135925
315 0.129884
315 0.15216
315 0.120067
307 0.132527
303 0.131017
303 0.1212
303 0.131016
280 0.171794
280 0.195204
261 0.145742
261 0.197091
261 0.102322
260 0.107985
260 0.099301
260 0.106097
260 0.100811
259 0.100433
259 0.126109
259 0.09779
259 0.101189
259 0.099301
250 0.112516
250 0.132904
250 0.09477
248 0.114026
239 0.096658
239 0.123088
239 0.104209
239 0.279779
239 0.101566
239 0.130262
239 0.098168
239 0.11667
239 0.118557
239 0.09477
237 0.10874
237 0.102699
237 0.09477
237 0.09477
237 0.094393
229 0.096658
206 0.095903
206 0.098168
206 0.100056
206 0.092127
206 0.092882
206 0.094771
206 0.091749
197 0.106097
197 0.11025
196 0.088352
196 0.089106
196 0.09779
196 0.092127
196 0.09326
196 0.093638
196 0.086463
196 0.086841
196 0.087596
196 0.087974
188 0.088729
188 0.089106
188 0.097791
188 0.089862
188 0.088351
188 0.088352
188 0.097413
188 0.094015
183 0.089106
183 0.091749
183 0.098924
183 0.101189
162 0.125353
162 0.439114
160 0.114026
160 0.087596
160 0.084954
160 0.078535
160 0.096658
160 0.07929
160 0.074759
160 0.080423
156 0.07627
156 0.089862
156 0.033981
156 0.062677
156 0.033982
156 0.036247
156 0.031716
156 0.032093
156 0.030961
156 0.046441
156 0.034737
156 0.031716
156 0.031716
156 0.030583
156 0.033981
156 0.030961
152 0.033604
152 0.032849
152 0.035492
152 0.030961
152 0.031338
152 0.03096
152 0.031715
152 0.030206
152 0.038512
152 0.031716
149 0.032093
149 0.030583
149 0.07929
149 0.030961
147 0.032093
147 0.03096
147 0.031338
147 0.032471
147 0.031339
147 0.030206
147 0.031339
147 0.029828
147 0.030961
140 0.030205
140 0.032848
140 0.030206
127 0.032849
127 0.031338
127 0.030584
127 0.029451
127 0.030584
127 0.030205
127 0.032849
125 0.033226
125 0.030961
123 0.030584
123 0.031716
123 0.030205
123 0.029828
123 0.029828
116 0.030961
116 0.029451
114 0.032093
114 0.030584
114 0.0404
114 0.088351
114 0.02945
114 0.028318
114 0.032848
114 0.029451
114 0.053993
114 0.031339
114 0.029828
114 0.029451
114 0.030206
114 0.029451
114 0.031716
114 0.028695
114 0.035492
114 0.030206
114 0.030583
114 0.028695
114 0.055125
114 0.025675
114 0.024919
114 0.023787
114 0.024542
114 0.036624
114 0.024164
114 0.023787
114 0.023787
114 0.024542
107 0.024165
107 0.023787
107 0.024165
107 0.135548
107 0.042288
107 0.023032
100 0.061544
100 0.028318
100 0.025675
100 0.025297
100 0.024542
100 0.024165
97 0.02492
97 0.025675
97 0.026808
97 0.025675
97 0.024542
97 0.024542
97 0.029073
96 0.026808
96 0.026808
96 0.02794
96 0.026807
96 0.025297
96 0.02794
96 0.024164
96 0.024164
96 0.023787
96 0.024165
96 0.023787
95 0.046441
95 0.026808
95 0.02492
95 0.025675
95 0.024919
95 0.025675
95 0.02492
95 0.026429
95 0.025297
95 0.025675
91 0.025297
91 0.025297
87 0.024542
87 0.02643
87 0.024919
87 0.025675
87 0.025675
87 0.037757
87 0.024164
87 0.032093
87 0.038134
87 0.048706
87 0.023787
87 0.048329
87 0.03889
87 0.024543
86 0.02492
86 0.026053
86 0.025297
82 0.026052
80 0.027185
80 0.028318
80 0.027563
80 0.02794
80 0.048329
80 0.027562
80 0.025675
80 0.058146
80 0.05588
80 0.029073
80 0.026053
80 0.026052
80 0.025298
80 0.032471
80 0.027941
80 0.02643
76 0.02643
76 0.028317
76 0.034737
76 0.024164
76 0.024919
76 0.024542
76 0.026808
76 0.02492
76 0.027185
76 0.027563
76 0.027185
76 0.025675
76 0.026052
76 0.024165
75 0.024919
75 0.023787
75 0.023787
75 0.024542
75 0.024542
75 0.026052
75 0.024165
75 0.023787
75 0.023787
75 0.023787
75 0.023787
75 0.023786
75 0.026052
75 0.026053
75 0.025675
75 0.02341
75 0.037757
72 0.024165
72 0.025675
72 0.025297
72 0.025297
72 0.023787
72 0.024165
72 0.024542
72 0.02341
72 0.022654
72 0.022654
72 0.023787
72 0.023032
72 0.022654
72 0.023032
72 0.023031
72 0.023032
72 0.02341
72 0.02492
72 0.02492
72 0.024164
72 0.024919
70 0.025297
70 0.030584
70 0.030206
70 0.030583
70 0.029828
70 0.029828
70 0.02794
70 0.02794
70 0.027185
70 0.029073
70 0.035491
70 0.04342
70 0.027563
70 0.027185
70 0.027185
70 0.027563
70 0.109496
70 0.064942
70 0.030206
70 0.02794
70 0.02794
70 0.027185
70 0.027563
70 0.027185
70 0.026807
70 0.028318
70 0.027562
70 0.027563
70 0.02794
70 0.027562
70 0.027563
70 0.028696
70 0.025297
70 0.02643
70 0.026053
70 0.026052
70 0.040023
70 0.026808
70 0.02643
70 0.025297
70 0.052104
70 0.041533
70 0.027185
70 0.02643
70 0.026052
70 0.02643
68 0.027185
68 0.027941
68 0.02794
68 0.026808
68 0.025674
68 0.023787
68 0.073249
68 0.026052
68 0.027185
68 0.074381
68 0.026052
68 0.030205
68 0.02643
68 0.027563
68 0.025297
68 0.025675
68 0.024919
68 0.077402
68 0.046064
68 0.025297
68 0.027185
68 0.025297
68 0.057391
68 0.027185
68 0.028696
68 0.025675
68 0.026807
68 0.025298
68 0.027563
68 0.025675
68 0.052859
68 0.030961
68 0.030206
68 0.027563
68 0.028318
68 0.026808
68 0.02794
68 0.027562
68 0.026053
68 0.025675
68 0.025675
68 0.02794
68 0.025675
68 0.02643
68 0.025297
68 0.025297
68 0.025297
68 0.027185
68 0.024542
68 0.025674
68 0.026052
68 0.027562
68 0.025297
68 0.026052
68 0.025675
68 0.025297
68 0.027185
68 0.025297
68 0.027185
68 0.02492
68 0.025297
68 0.02492
68 0.027941
68 0.029073
68 0.028696
68 0.027941
68 0.030205
68 0.02794
68 0.027563
68 0.028696
68 0.02643
68 0.02945
68 0.026429
68 0.02794
68 0.026052
68 0.028317
68 0.02643
68 0.027562
68 0.025675
68 0.028317
68 0.026807
68 0.028318
68 0.02643
68 0.027563
68 0.030205
68 0.028318
68 0.027563
68 0.028318
68 0.026808
68 0.026053
68 0.02643
68 0.026807
68 0.02794
68 0.028695
68 0.028695
68 0.0404
68 0.032471
68 0.02794
66 0.028696
66 0.02945
66 0.028695
66 0.02794
66 0.029828
65 0.028318
65 0.028317
65 0.027563
65 0.026052
65 0.026052
65 0.02643
65 0.028318
65 0.03889
65 0.026052
65 0.024542
65 0.026053
65 0.025674
65 0.02643
65 0.026052
65 0.025675
65 0.025297
65 0.02492
65 0.025297
65 0.024542
65 0.027563
65 0.02643
65 0.026052
65 0.026807
65 0.04493
65 0.040022
65 0.026052
65 0.025675
65 0.030583
65 0.028318
65 0.027185
65 0.034359
65 0.030961
65 0.041532
65 0.026808
65 0.028695
65 0.02643
65 0.059656
65 0.028695
65 0.042666
65 0.032471
65 0.027563
65 0.025297
65 0.025675
64 0.025674
64 0.02794
64 0.023031
64 0.027185
64 0.075136
64 0.02643
64 0.027185
64 0.026808
64 0.02794
64 0.027562
64 0.026807
64 0.02643
64 0.026808
64 0.028317
64 0.027563
64 0.026052
64 0.027563
64 0.025675
63 0.02945
63 0.030961
63 0.029073
62 0.02945
62 0.029073
62 0.028695
62 0.028696
62 0.028695
62 0.027563
62 0.028318
62 0.026807
62 0.02794
62 0.02945
62 0.026807
62 0.025674
62 0.026807
61 0.02492
61 0.023787
61 0.025297
61 0.024919
61 0.026808
61 0.023787
61 0.023409
61 0.023032
61 0.025675
61 0.02341
61 0.023031
61 0.024165
61 0.024542
61 0.023032
61 0.023032
61 0.028696
61 0.032094
61 0.022277
61 0.023409
61 0.023409
61 0.023032
61 0.022277
61 0.022654
61 0.021899
61 0.021899
61 0.021899
61 0.024542
61 0.022654
61 0.037757
61 0.022654
61 0.022654
61 0.021522
61 0.021899
61 0.024164
61 0.022277
61 0.023409
61 0.023032
61 0.023032
61 0.023032
61 0.023032
61 0.022277
61 0.023409
61 0.022277
61 0.023032
60 0.02341
60 0.023787
60 0.023786
60 0.02492
60 0.024165
60 0.024165
60 0.021899
60 0.023409
60 0.021899
60 0.023409
60 0.033982
60 0.026052
60 0.025298
60 0.023032
60 0.021899
60 0.020389
60 0.020389
60 0.020388
60 0.020389
60 0.021521
60 0.021144
60 0.020011
60 0.021144
60 0.020389
60 0.020766
60 0.020011
60 0.021521
60 0.020766
60 0.020389
60 0.020766
60 0.021144
59 0.021521
59 0.021899
59 0.068718
59 0.023032
59 0.020389
58 0.022654
58 0.021521
58 0.023032
58 0.021144
58 0.020389
58 0.021144
58 0.019634
58 0.021144
58 0.053237
58 0.020011
58 0.019256
58 0.087974
58 0.020011
58 0.022276
58 0.020011
58 0.021521
58 0.019256
58 0.019633
58 0.020011
58 0.020389
57 0.058901
57 0.052104
57 0.023409
57 0.024542
57 0.021522
57 0.021899
57 0.021144
57 0.021899
57 0.020389
57 0.020767
57 0.020389
57 0.021144
57 0.020766
57 0.020766
57 0.020011
57 0.020388
57 0.021144
57 0.020766
57 0.020766
57 0.020012
57 0.020388
57 0.020767
57 0.020388
57 0.019634
57 0.019634
57 0.020389
57 0.020012
57 0.020011
57 0.032849
57 0.055502
57 0.019634
57 0.019256
57 0.019633
55 0.021899
55 0.023032
55 0.021899
55 0.021522
55 0.020389
54 0.021899
54 0.020389
54 0.021144
54 0.019256
54 0.021899
54 0.019634
54 0.020011
54 0.020011
54 0.021521
54 0.019634
54 0.020389
54 0.020011
54 0.020389
54 0.019634
54 0.021899
54 0.019634
54 0.019633
54 0.020011
54 0.020766
54 0.019256
54 0.020766
54 0.019634
54 0.020766
54 0.085708
54 0.020766
54 0.020389
54 0.020011
54 0.019256
54 0.019633
54 0.019634
54 0.03889
54 0.03587
54 0.019633
54 0.019634
54 0.020388
54 0.019256
53 0.020389
53 0.055125
53 0.037002
53 0.020767
53 0.020012
53 0.0219
53 0.020767
53 0.020389
53 0.019634
53 0.020389
53 0.019634
53 0.020766
53 0.020389
53 0.020766
53 0.020011
53 0.020011
53 0.019634
53 0.019633
53 0.020012
53 0.020012
53 0.020011
53 0.019634
53 0.019256
53 0.021144
53 0.019634
53 0.020388
53 0.019634
53 0.021144
53 0.019256
53 0.020766
53 0.039267
53 0.036624
53 0.053615
51 0.025297
51 0.02492
51 0.022276
51 0.022654
51 0.035114
51 0.021521
51 0.020767
51 0.021144
51 0.020389
51 0.020389
51 0.020388
51 0.020011
51 0.022277
51 0.022654
51 0.019633
51 0.020389
51 0.021522
51 0.021144
51 0.020389
51 0.021144
51 0.020012
51 0.021144
51 0.020767
51 0.020011
51 0.020389
51 0.021899
51 0.020011
51 0.020389
51 0.020766
51 0.020389
51 0.020389
51 0.021522
51 0.035114
51 0.022277
51 0.033227
51 0.020389
51 0.019634
51 0.067963
51 0.020766
51 0.019634
51 0.020012
51 0.019256
51 0.021521
51 0.020388
51 0.019634
51 0.019633
51 0.020012
51 0.020011
51 0.022277
51 0.020011
51 0.020388
51 0.020012
51 0.021144
51 0.019633
51 0.021522
51 0.019634
51 0.020389
51 0.019257
51 0.020389
51 0.020766
51 0.052482
51 0.055503
51 0.022655
51 0.021899
51 0.044176
51 0.027185
51 0.021522
51 0.021899
51 0.027185
51 0.020767
51 0.021521
51 0.021143
51 0.021521
51 0.021144
51 0.021899
51 0.019634
51 0.041532
51 0.020767
51 0.020767
51 0.020389
51 0.033226
51 0.020011
51 0.019634
51 0.019634
51 0.020766
51 0.019634
51 0.019633
51 0.019256
51 0.020389
51 0.019256
51 0.020011
51 0.019634
51 0.020011
51 0.022654
51 0.019633
51 0.020767
51 0.020011
51 0.020011
51 0.020766
50 0.021144
50 0.022277
50 0.023032
49 0.023409
49 0.024165
49 0.023031
49 0.057768
49 0.037757
49 0.022277
49 0.022276
49 0.022654
49 0.020767
49 0.021522
49 0.020011
49 0.0404
49 0.034736
49 0.023032
49 0.021899
49 0.022277
49 0.022277
49 0.022276
48 0.023786
48 0.024165
48 0.022277
48 0.022276
48 0.020767
48 0.020766
47 0.035114
47 0.022655
47 0.023032
47 0.021899
47 0.070984
47 0.021522
47 0.023409
47 0.021144
47 0.022654
47 0.021521
47 0.021899
47 0.022277
47 0.021144
47 0.021144
47 0.022277
47 0.021143
47 0.022654
47 0.021899
47 0.022654
47 0.02341
47 0.141588
47 0.036624
47 0.021899
47 0.023409
47 0.061544
47 0.021144
47 0.021144
47 0.021521
47 0.022277
47 0.020767
47 0.021144
47 0.020766
47 0.037757
47 0.021144
46 0.022277
46 0.0219
46 0.0219
46 0.020767
46 0.020389
46 0.020767
46 0.021521
46 0.022277
46 0.020012
46 0.020766
46 0.020389
46 0.021144
46 0.019634
46 0.110251
46 0.114403
46 0.042288
46 0.021144
46 0.021522
46 0.020389
46 0.020767
46 0.020389
46 0.021144
46 0.023032
46 0.021899
46 0.020389
46 0.020011
46 0.021144
46 0.021144
46 0.020766
46 0.020766
46 0.020767
46 0.021144
46 0.020389
46 0.020011
46 0.021521
46 0.021521
46 0.021521
46 0.023409
44 0.024164
42 0.024542
39 0.024919
39 0.022277
39 0.024164
39 0.023409
39 0.024165
39 0.024164
39 0.024164
39 0.023409
39 0.023787
37 0.023031
37 0.02341
37 0.021144
37 0.02341
37 0.021522
37 0.023409
37 0.022654
37 0.023031
37 0.020767
37 0.021899
37 0.022276
37 0.021521
37 0.020389
37 0.021144
37 0.021144
37 0.021522
37 0.020389
37 0.022276
37 0.021899
37 0.022277
37 0.021144
37 0.021899
37 0.020389
37 0.021144
37 0.021899
37 0.021144
37 0.020766
37 0.022277
37 0.026807
37 0.021899
37 0.021522
37 0.022276
37 0.021144
37 0.020389
37 0.021899
37 0.021144
37 0.021522
37 0.020388
37 0.043421
37 0.023032
37 0.021144
37 0.021899
37 0.021143
37 0.021521
37 0.020766
