1044 11.476243
1044 3.507626
1019 0.666411
959 0.437981
959 0.443267
946 0.340191
937 0.528598
931 0.364355
931 0.302433
929 0.279024
929 0.33717
899 0.260901
899 0.266186
890 0.370018
890 0.246176
863 0.317158
863 0.249952
863 0.254482
863 0.253727
843 0.265432
843 0.248064
843 0.276759
843 0.258258
843 0.21295
843 0.131017
824 0.137813
824 0.118934
813 0.14763
751 0.134415
745 0.111384
745 0.128374
745 0.099678
745 0.114781
743 0.128374
743 0.102321
743 0.157447
743 0.154049
733 0.104209
733 0.118179
733 0.127996
700 0.109496
673 0.121577
673 0.098168
673 0.107985
664 0.128374
664 0.214838
664 0.191428
664 0.081178
664 0.08231
660 0.080422
660 0.078535
660 0.117802
660 0.196337
654 0.083066
634 0.08231
634 0.0808
617 0.081556
592 0.08231
581 0.131772
578 0.0808
578 0.13819
578 0.081555
566 0.078535
548 0.078157
548 0.078535
548 0.07929
548 0.077779
548 0.078534
548 0.078157
548 0.078535
548 0.090994
548 0.081178
548 0.076269
548 0.089107
541 0.074004
533 0.0808
533 0.075137
527 0.074759
514 0.075892
514 0.09477
512 0.078912
512 0.123088
512 0.110628
512 0.078157
512 0.113648
512 0.081555
512 0.080045
512 0.078912
511 0.091749
510 0.117425
507 0.076269
506 0.075891
506 0.074382
506 0.1212
506 0.089862
506 0.084953
506 0.078912
506 0.078912
506 0.077024
497 0.092882
497 0.118557
497 0.08231
497 0.087596
497 0.077024
497 0.113271
497 0.405511
497 0.084198
497 0.078912
486 0.078157
486 0.085708
486 0.067208
486 0.066453
486 0.067585
486 0.067962
486 0.065697
486 0.077402
486 0.072871
486 0.070228
486 0.095147
486 0.071361
486 0.067963
486 0.06683
486 0.067963
486 0.072494
486 0.070984
482 0.068718
482 0.069095
482 0.068718
482 0.074759
477 0.06683
452 0.067585
452 0.06834
451 0.067963
451 0.067585
451 0.071361
451 0.069095
451 0.06683
451 0.074004
441 0.078912
436 0.066075
436 0.066074
430 0.06532
430 0.067962
430 0.087596
430 0.066075
430 0.064187
428 0.067962
428 0.074004
424 0.079667
423 0.066074
403 0.065319
403 0.066829
403 0.065697
403 0.066075
403 0.099678
390 0.064942
390 0.067585
389 0.064942
389 0.195581
388 0.087974
388 0.064565
388 0.064565
388 0.064564
388 0.062299
388 0.09779
388 0.060789
386 0.063809
386 0.062676
386 0.063809
386 0.061166
385 0.067585
384 0.065319
384 0.063809
384 0.065697
384 0.062676
384 0.112894
384 0.098923
384 0.07778
384 0.063054
384 0.063432
384 0.063431
382 0.064187
382 0.064942
382 0.0808
379 0.098168
379 0.091749
379 0.06683
379 0.083443
379 0.062299
373 0.062677
373 0.065698
370 0.064187
370 0.084198
370 0.067585
370 0.066452
368 0.067585
368 0.067585
368 0.066075
368 0.064564
368 0.064565
362 0.108741
362 0.072116
357 0.06683
357 0.064564
357 0.063432
357 0.064564
357 0.063432
357 0.10723
357 0.060411
357 0.061166
357 0.061167
357 0.095148
357 0.061922
357 0.062299
357 0.081177
357 0.06683
357 0.063055
357 0.081178
357 0.060789
354 0.063054
354 0.064187
354 0.063054
354 0.063054
354 0.060788
354 0.095903
354 0.062299
354 0.060034
351 0.112894
351 0.063432
351 0.083066
351 0.061921
351 0.062676
349 0.100811
349 0.126864
349 0.06532
349 0.060789
349 0.063432
349 0.062676
349 0.061922
349 0.096658
349 0.067207
349 0.064942
349 0.063054
349 0.063055
341 0.065697
341 0.093638
341 0.067963
329 0.067208
317 0.080044
317 0.06683
317 0.06683
317 0.087596
317 0.074759
317 0.064187
317 0.075514
317 0.065697
304 0.068718
304 0.064565
304 0.069096
304 0.098924
304 0.067962
304 0.066075
304 0.064564
304 0.065698
302 0.065319
302 0.06532
302 0.065697
294 0.064564
294 0.064942
294 0.064942
294 0.064942
294 0.064942
292 0.064942
292 0.064564
292 0.070983
292 0.06381
289 0.064565
289 0.063432
289 0.064564
289 0.06532
289 0.064942
289 0.063432
289 0.063432
289 0.064187
289 0.064565
283 0.06381
277 0.064942
277 0.063432
277 0.064565
277 0.063809
275 0.064186
275 0.064187
275 0.084575
275 0.094015
275 0.070606
275 0.067207
275 0.062299
272 0.063054
272 0.065698
272 0.064564
272 0.064564
272 0.076646
265 0.063054
265 0.061922
265 0.076269
265 0.061921
263 0.09175
263 0.095525
263 0.075892
263 0.059278
263 0.05739
263 0.058901
262 0.078534
253 0.105342
253 0.061544
247 0.060411
247 0.060411
242 0.10874
242 0.061166
242 0.060411
242 0.063431
241 0.059278
241 0.111383
241 0.108363
241 0.086841
241 0.154049
241 0.117801
241 0.077402
241 0.058523
241 0.058146
241 0.106475
241 0.057768
241 0.058523
241 0.060034
241 0.05739
241 0.056636
241 0.059279
241 0.058901
241 0.059279
241 0.058523
241 0.05739
241 0.103454
241 0.059656
241 0.058146
241 0.056258
241 0.057768
241 0.058523
241 0.058523
241 0.057013
241 0.057014
241 0.057013
241 0.057768
241 0.058901
241 0.056258
240 0.156314
240 0.174438
240 0.094015
240 0.087596
240 0.060411
240 0.060033
240 0.060411
240 0.060411
240 0.079667
236 0.062677
236 0.063054
236 0.106474
236 0.060789
236 0.060033
236 0.060033
236 0.059278
236 0.059656
235 0.059279
235 0.060788
235 0.059656
235 0.10572
235 0.095148
235 0.062677
235 0.061921
235 0.061921
235 0.067585
233 0.062299
233 0.066075
233 0.062299
233 0.062677
233 0.063431
233 0.062299
233 0.06381
233 0.062299
233 0.063054
233 0.062299
233 0.061922
233 0.061544
233 0.061166
233 0.061544
233 0.061921
233 0.063809
233 0.064187
233 0.075891
233 0.070605
233 0.064942
233 0.066074
227 0.066452
227 0.06381
222 0.063054
222 0.064187
222 0.064186
222 0.061921
218 0.063054
218 0.063431
218 0.063432
216 0.064187
216 0.064187
213 0.062299
213 0.063432
213 0.063431
213 0.078535
213 0.060789
213 0.095903
213 0.060789
213 0.060034
213 0.061544
213 0.062677
213 0.060411
213 0.061167
213 0.060789
213 0.062299
213 0.060034
213 0.060033
213 0.086464
206 0.063432
206 0.064564
199 0.061921
199 0.063432
199 0.061921
199 0.076269
199 0.061922
199 0.062299
199 0.063054
199 0.063809
197 0.067208
196 0.064565
196 0.064942
196 0.076269
196 0.233338
196 0.078535
196 0.063054
196 0.061922
196 0.063432
196 0.062677
196 0.062676
196 0.062677
196 0.063809
196 0.063054
194 0.06381
194 0.064564
194 0.066452
194 0.063809
194 0.064942
194 0.070606
194 0.120067
194 0.076269
194 0.0623
194 0.0623
194 0.062676
194 0.064187
194 0.061921
194 0.061544
194 0.063809
194 0.064942
194 0.062676
194 0.062299
194 0.060789
194 0.063054
194 0.063809
194 0.06381
194 0.061166
194 0.061544
194 0.063432
194 0.062676
194 0.063054
194 0.063054
194 0.061922
194 0.062299
194 0.067207
194 0.062299
194 0.062299
194 0.062676
194 0.062677
194 0.062299
192 0.061921
192 0.061921
192 0.063432
192 0.063054
192 0.062299
192 0.063054
192 0.076269
192 0.062299
192 0.063432
192 0.062677
192 0.076647
192 0.089107
192 0.063432
192 0.063054
192 0.062676
192 0.061922
192 0.063054
192 0.063054
192 0.070984
192 0.063054
192 0.061922
192 0.062299
191 0.062299
191 0.077779
191 0.061544
191 0.060789
191 0.060411
191 0.061544
191 0.063431
191 0.061167
191 0.065319
191 0.063055
191 0.061921
191 0.063432
191 0.063432
191 0.062299
191 0.061921
191 0.064187
191 0.062677
191 0.062677
182 0.061544
182 0.061544
182 0.063054
182 0.062299
182 0.066075
182 0.061544
182 0.062299
182 0.064187
182 0.064943
182 0.063432
182 0.075514
181 0.062299
181 0.064942
181 0.063809
181 0.062299
181 0.061544
181 0.061166
181 0.062299
181 0.063809
181 0.076647
181 0.076647
181 0.059656
181 0.061544
181 0.061167
173 0.061544
173 0.061167
173 0.063054
173 0.063432
173 0.063809
173 0.068718
173 0.063054
173 0.074382
173 0.062299
173 0.063432
173 0.06381
173 0.064187
173 0.063054
173 0.084198
173 0.063432
173 0.062676
173 0.062677
173 0.062299
173 0.062677
173 0.064187
173 0.061922
173 0.061166
173 0.064564
173 0.061921
173 0.063431
172 0.078157
171 0.06381
171 0.064565
171 0.063432
171 0.064565
171 0.062677
171 0.079289
171 0.078534
171 0.063432
171 0.063054
171 0.061921
171 0.064187
171 0.062677
171 0.061921
171 0.061166
171 0.061167
171 0.061544
171 0.0623
171 0.064942
171 0.060411
171 0.060788
170 0.060789
170 0.061922
170 0.112138
170 0.086086
170 0.184632
170 0.062676
170 0.061166
170 0.060412
170 0.061166
170 0.061166
167 0.063432
165 0.172927
165 0.109873
165 0.061544
165 0.063432
165 0.061544
165 0.060789
165 0.060789
163 0.060789
163 0.121577
163 0.128373
163 0.061544
163 0.061544
163 0.081933
163 0.090617
163 0.078157
163 0.060034
161 0.109495
161 0.062299
161 0.061544
161 0.061544
161 0.060788
161 0.062299
161 0.060034
161 0.062299
161 0.060788
161 0.059656
161 0.062677
143 0.061544
143 0.061544
143 0.060789
143 0.061166
143 0.059656
143 0.126486
143 0.060789
143 0.059278
143 0.107607
142 0.107608
142 0.060411
141 0.058524
141 0.059278
141 0.058901
141 0.058146
141 0.107985
141 0.060789
141 0.127619
141 0.060411
141 0.061544
141 0.094015
141 0.072871
141 0.059278
141 0.059278
141 0.060789
141 0.059279
141 0.058901
141 0.060789
141 0.060033
141 0.060034
141 0.059656
141 0.059278
141 0.059656
141 0.059278
141 0.060411
139 0.107985
139 0.061166
139 0.061544
139 0.059656
139 0.058901
139 0.057769
139 0.056258
136 0.059278
136 0.061166
136 0.109495
136 0.058901
136 0.057391
130 0.060789
130 0.128373
130 0.154804
130 0.060789
130 0.060033
130 0.16009
130 0.061544
130 0.059656
130 0.061544
130 0.059656
130 0.106852
130 0.107985
130 0.060411
130 0.129129
130 0.060789
130 0.061544
130 0.060034
130 0.060789
130 0.10723
130 0.060788
130 0.061166
130 0.060033
130 0.060411
130 0.077402
130 0.077779
130 0.061544
130 0.061922
130 0.064187
130 0.061544
130 0.061922
130 0.075137
130 0.069473
130 0.065697
130 0.063809
130 0.062299
130 0.061544
130 0.062299
128 0.139701
128 0.073249
128 0.11025
128 0.078157
128 0.071738
128 0.071738
128 0.072116
128 0.070983
128 0.071738
128 0.094392
128 0.072493
128 0.084953
128 0.072116
128 0.065697
128 0.064564
128 0.064942
128 0.079289
128 0.070605
128 0.06683
128 0.065697
128 0.063809
128 0.06683
128 0.06683
128 0.063809
128 0.064942
128 0.065319
128 0.066075
128 0.073249
128 0.085331
128 0.070606
128 0.06683
128 0.070606
128 0.064942
127 0.066452
127 0.067585
127 0.066074
127 0.06381
127 0.062299
127 0.062677
127 0.063809
127 0.064187
127 0.064564
127 0.064564
127 0.063809
127 0.064564
127 0.065319
127 0.064187
127 0.064187
127 0.065319
127 0.066453
127 0.064187
127 0.06381
127 0.063809
127 0.065697
127 0.064942
127 0.068717
127 0.062677
127 0.066453
127 0.073249
127 0.063431
127 0.064187
127 0.064187
127 0.064942
127 0.06532
127 0.064564
127 0.063809
127 0.062677
127 0.063432
127 0.072116
127 0.064564
127 0.063809
127 0.063432
127 0.064565
127 0.063054
127 0.062677
127 0.063809
127 0.064942
127 0.066452
127 0.066075
127 0.066452
127 0.065698
127 0.066074
127 0.064942
127 0.064187
127 0.063432
127 0.06532
127 0.064564
126 0.064942
126 0.070228
126 0.06985
126 0.070984
126 0.072493
126 0.072493
126 0.070228
126 0.112894
126 0.072871
126 0.071361
126 0.071738
126 0.06834
126 0.07136
126 0.07136
126 0.074004
126 0.071738
126 0.069851
126 0.068718
126 0.072116
126 0.070228
126 0.072116
126 0.072871
126 0.074759
126 0.071738
126 0.070984
126 0.071739
126 0.070983
126 0.070983
126 0.070228
126 0.071361
126 0.071738
126 0.072116
126 0.070983
125 0.070228
125 0.071361
123 0.072871
123 0.074004
123 0.076269
123 0.071739
123 0.07136
123 0.085331
123 0.070984
123 0.070605
123 0.069095
123 0.070983
121 0.098545
121 0.071738
121 0.086086
121 0.070228
121 0.070605
121 0.070605
121 0.070983
121 0.070983
121 0.070228
121 0.070605
121 0.073249
121 0.070984
121 0.071361
121 0.070605
121 0.07136
121 0.073248
121 0.070983
121 0.070984
121 0.101944
121 0.083443
121 0.075136
121 0.075514
119 0.072115
119 0.070984
119 0.070606
119 0.072115
118 0.071738
118 0.084575
117 0.07136
117 0.06985
117 0.072116
117 0.07136
117 0.072116
117 0.073249
117 0.070605
117 0.070228
117 0.070983
117 0.087219
117 0.070228
117 0.068718
117 0.06985
117 0.071738
117 0.072116
117 0.084576
117 0.084198
117 0.071738
117 0.101189
117 0.088351
117 0.073626
117 0.071738
117 0.070606
117 0.069473
117 0.069473
117 0.070983
117 0.069851
117 0.070228
117 0.070228
117 0.071738
117 0.071739
117 0.070606
117 0.06985
117 0.077024
116 0.132527
116 0.09628
116 0.082688
116 0.073249
116 0.074004
116 0.074759
116 0.096658
116 0.09477
116 0.073626
116 0.072871
116 0.075136
116 0.075137
116 0.209174
116 0.075136
116 0.081555
116 0.073248
116 0.081178
116 0.072871
116 0.070228
116 0.075136
116 0.078535
116 0.087596
116 0.070606
116 0.069473
116 0.06834
116 0.069095
116 0.070983
116 0.069851
116 0.068718
116 0.067585
116 0.070606
116 0.06985
116 0.069095
116 0.067585
116 0.072871
114 0.070228
114 0.070606
114 0.070605
114 0.06985
114 0.070983
114 0.069851
114 0.069095
114 0.069473
113 0.070606
113 0.070228
113 0.071738
113 0.084954
113 0.074003
113 0.067962
113 0.071738
113 0.070605
113 0.070606
113 0.067585
113 0.070605
113 0.067963
113 0.069095
113 0.067963
113 0.06834
113 0.06683
113 0.067962
113 0.08231
113 0.067585
113 0.067208
113 0.070228
113 0.067586
113 0.068718
113 0.0808
113 0.087974
113 0.072871
113 0.06985
113 0.071738
113 0.067962
113 0.067585
113 0.069095
113 0.068718
113 0.069096
113 0.067208
113 0.067207
113 0.067585
113 0.067585
113 0.06834
113 0.06834
113 0.069095
113 0.069096
113 0.090617
113 0.084198
