2017 15.104691
2017 5.031121
1967 1.0504
1933 0.942793
1924 0.931843
1913 0.811398
1909 0.620348
1894 0.303189
1894 0.37908
1891 0.3232
1882 0.332639
1868 0.347365
1868 0.308474
1847 0.291862
1842 0.363977
1804 0.336415
1804 0.281668
1804 0.306587
1797 0.253727
1785 0.247308
1785 0.441757
1785 0.227297
1779 0.206908
1769 0.245043
1739 0.25184
1709 0.253349
1709 0.212195
1696 0.218613
1668 0.242023
1668 0.218235
1660 0.239379
1660 0.337548
1658 0.260146
1658 0.241645
1636 0.255992
1636 0.237869
1636 0.239002
1591 0.238625
1568 0.291484
1546 0.220501
1531 0.323577
1522 0.22692
1522 0.308097
1522 0.204643
1512 0.259014
1512 0.214838
1495 0.215215
1490 0.215592
1490 0.300169
1422 0.263544
1422 0.349252
1409 0.302433
1409 0.251462
1399 0.300546
1399 0.299791
1399 0.250329
1384 0.339435
1378 0.305076
1364 0.253349
1358 0.33566
1357 0.251084
1357 0.251839
1357 0.310363
1332 0.25486
1332 0.249196
1332 0.343589
1332 0.336792
1332 0.351518
1311 0.247686
1311 0.28431
1311 0.295637
1311 0.246553
1311 0.322445
1311 0.252972
1311 0.380213
1311 0.328486
1297 0.22692
1292 0.22843
1284 0.263167
1284 0.293372
1284 0.24542
1284 0.306587
1284 0.266942
1284 0.245043
1284 0.228053
1284 0.315648
1284 0.246176
1281 0.273739
1281 0.274493
1273 0.335282
1273 0.26581
1241 0.264299
1241 0.303944
1241 0.239001
1241 0.32622
1241 0.243532
1241 0.274493
1241 0.225787
1241 0.261656
1236 0.223522
1236 0.224654
1236 0.266942
1236 0.235227
1236 0.232583
1236 0.235603
1236 0.225032
1228 0.247309
1228 0.234094
1217 0.233338
1217 0.218236
1217 0.214082
1217 0.230695
1217 0.215593
1217 0.302811
1216 0.267319
1216 0.209174
1216 0.209551
1216 0.208796
1216 0.258636
1216 0.199735
1216 0.207286
1216 0.207664
1216 0.247686
1195 0.209929
1195 0.207664
1195 0.207663
1194 0.245043
1194 0.32018
1187 0.286576
1185 0.208419
1172 0.209552
1167 0.231451
1167 0.246553
1167 0.216348
1167 0.202756
1167 0.20049
1167 0.204265
1167 0.250706
1167 0.202377
1160 0.202378
1160 0.201622
1160 0.269962
1160 0.399846
1160 0.257503
1160 0.237869
1160 0.202378
1160 0.248441
1160 0.260146
1159 0.276759
1158 0.342456
1136 0.224277
1136 0.207663
1136 0.245043
1136 0.296015
1136 0.208418
1121 0.213705
1121 0.274116
1115 0.220879
1115 0.219368
1106 0.220879
1106 0.216725
1106 0.217858
1100 0.215593
1100 0.238624
1100 0.209174
1100 0.208418
1098 0.209929
1098 0.208419
1098 0.209173
1084 0.257125
1070 0.255993
1070 0.209174
1067 0.208797
1064 0.210684
1064 0.257126
1064 0.210684
1064 0.29677
1064 0.209173
1064 0.194071
1064 0.208419
1064 0.208797
1055 0.208796
1055 0.258636
1055 0.208797
1052 0.206908
1052 0.248819
1052 0.208797
1052 0.208796
1052 0.289218
1044 0.229185
1044 0.22994
1041 0.230695
1041 0.210307
1041 0.24089
1041 0.208796
1023 0.209551
1023 0.232206
1023 0.215593
1023 0.211439
1023 0.259013
1012 0.316781
1012 0.201245
1000 0.203132
1000 0.202755
985 0.20049
985 0.255992
985 0.201245
985 0.20049
985 0.20049
985 0.291484
985 0.206908
985 0.205775
985 0.255992
985 0.206154
985 0.20653
984 0.206531
984 0.234094
984 0.223522
984 0.206531
981 0.322445
981 0.185009
981 0.320557
981 0.231451
976 0.200868
976 0.199357
976 0.199734
976 0.201622
963 0.202377
963 0.200867
963 0.236736
963 0.206153
963 0.304699
953 0.285443
953 0.206908
953 0.201622
953 0.201623
948 0.201245
948 0.201244
948 0.200868
948 0.272606
931 0.214838
931 0.330751
931 0.20351
931 0.203133
923 0.202755
923 0.203133
922 0.306209
919 0.387009
907 0.202
907 0.200867
907 0.199734
907 0.24089
907 0.200867
907 0.201622
905 0.20502
905 0.202
898 0.257503
898 0.207663
898 0.21295
892 0.200867
892 0.200112
892 0.199357
892 0.280535
892 0.206909
873 0.208797
873 0.208419
872 0.206153
866 0.208041
866 0.22843
866 0.213705
866 0.223522
866 0.264677
861 0.208418
861 0.240135
861 0.260523
861 0.208419
836 0.202378
836 0.237114
836 0.237114
836 0.236737
836 0.209551
836 0.206531
836 0.224277
836 0.212949
836 0.210306
828 0.211062
812 0.210307
812 0.209929
812 0.212572
812 0.211817
806 0.211061
806 0.211817
806 0.237869
799 0.206908
799 0.294127
799 0.20502
799 0.20502
793 0.323955
793 0.322822
793 0.234849
793 0.205398
793 0.205398
787 0.205398
787 0.205775
787 0.247686
787 0.205398
785 0.204266
785 0.279025
785 0.206909
785 0.240512
785 0.211817
785 0.281289
785 0.260524
774 0.206908
774 0.306587
771 0.209551
771 0.204643
753 0.241645
753 0.205775
753 0.304322
753 0.251839
753 0.252217
744 0.239002
744 0.205021
744 0.247308
744 0.205399
744 0.292995
744 0.204266
744 0.283933
744 0.205021
744 0.203888
743 0.206153
743 0.205021
743 0.204643
743 0.205398
743 0.204265
743 0.204266
743 0.246553
743 0.213327
743 0.218236
743 0.20351
743 0.204643
743 0.203887
743 0.203888
743 0.202755
742 0.203888
739 0.204643
739 0.255238
739 0.251839
739 0.25335
739 0.203133
739 0.253727
739 0.203511
739 0.243533
732 0.221256
732 0.229563
732 0.302056
732 0.253727
732 0.232205
732 0.20502
732 0.205776
732 0.204643
732 0.205776
725 0.235981
725 0.244288
725 0.219368
725 0.222011
719 0.247308
719 0.208796
719 0.210307
719 0.211061
719 0.208796
719 0.207286
719 0.210307
719 0.206531
719 0.206531
719 0.206908
719 0.206531
719 0.178968
719 0.207286
719 0.387009
719 0.205021
719 0.203887
719 0.20351
713 0.251084
706 0.220501
700 0.203511
700 0.203133
700 0.215593
700 0.202756
700 0.202
694 0.203888
694 0.256748
694 0.202378
694 0.575795
694 0.278269
691 0.219368
691 0.279401
691 0.208419
691 0.207286
691 0.254483
691 0.207285
691 0.205776
690 0.220501
690 0.206531
690 0.209173
686 0.325466
686 0.261656
686 0.221633
686 0.21748
682 0.21446
679 0.215593
679 0.214083
679 0.213327
674 0.213704
674 0.213327
674 0.21295
674 0.213704
674 0.212572
674 0.227298
674 0.246931
674 0.213705
674 0.225409
663 0.214082
663 0.212949
663 0.214459
663 0.248063
663 0.212949
663 0.21295
663 0.213704
663 0.212195
663 0.211816
663 0.211439
663 0.21144
663 0.209929
663 0.21144
663 0.211817
663 0.211439
663 0.21295
663 0.211439
663 0.233716
663 0.216348
663 0.22692
663 0.212949
663 0.211062
663 0.210684
663 0.21144
663 0.234849
659 0.216348
659 0.215215
659 0.246553
659 0.217103
659 0.213705
657 0.217858
657 0.230696
657 0.223521
657 0.21446
651 0.219368
651 0.21597
651 0.21748
650 0.220879
650 0.21446
650 0.213705
646 0.214082
646 0.216348
646 0.212949
639 0.241645
639 0.215593
634 0.211817
634 0.208797
634 0.209174
634 0.208797
634 0.208797
634 0.207663
634 0.208041
634 0.208418
634 0.209174
634 0.211817
634 0.208796
634 0.209174
631 0.208041
631 0.24542
631 0.236737
631 0.209173
631 0.209929
631 0.226164
631 0.219746
631 0.248441
631 0.210306
631 0.20653
631 0.206153
631 0.239002
631 0.217858
631 0.203888
631 0.223144
631 0.240889
631 0.217103
631 0.201622
631 0.201623
631 0.215593
631 0.271095
631 0.202378
631 0.20351
631 0.20351
631 0.252217
631 0.215215
628 0.203887
628 0.204265
628 0.257881
628 0.254482
628 0.203888
625 0.207286
625 0.24542
625 0.210684
625 0.206153
625 0.206531
625 0.208041
625 0.254104
625 0.207664
625 0.255992
625 0.22541
625 0.206154
625 0.206908
625 0.204643
625 0.204643
625 0.204643
625 0.205398
625 0.20351
625 0.203887
622 0.302434
622 0.280912
622 0.236358
622 0.386254
622 0.203511
622 0.202755
622 0.279024
622 0.203888
620 0.27034
620 0.223144
620 0.206153
614 0.208419
614 0.207663
614 0.206531
608 0.211062
608 0.205776
608 0.204266
608 0.206909
608 0.206154
608 0.206531
600 0.205776
600 0.206531
600 0.205776
600 0.243155
600 0.226165
600 0.234848
599 0.205398
599 0.314516
599 0.206531
575 0.205776
575 0.213705
575 0.204643
575 0.315271
575 0.234471
575 0.20653
575 0.204266
575 0.238246
575 0.203888
575 0.267319
575 0.204643
575 0.23938
575 0.23787
575 0.235226
575 0.272606
575 0.268074
575 0.28582
573 0.205398
573 0.252594
573 0.207286
570 0.211439
563 0.207663
562 0.241267
562 0.206531
562 0.205775
562 0.208041
562 0.280912
559 0.23938
559 0.21748
559 0.21597
559 0.21446
559 0.216725
559 0.21446
559 0.21295
559 0.21446
559 0.213704
557 0.22994
551 0.206531
551 0.211061
551 0.207663
551 0.2424
548 0.205398
548 0.205398
548 0.210685
548 0.204643
548 0.241267
548 0.21144
548 0.197846
548 0.197846
548 0.443267
548 0.197847
545 0.197469
543 0.199357
543 0.269963
543 0.198224
543 0.246554
543 0.20351
543 0.387765
543 0.197847
538 0.198601
538 0.198979
536 0.203511
536 0.267697
536 0.202378
536 0.202
536 0.198602
536 0.270718
536 0.224276
524 0.204265
524 0.202755
524 0.200868
524 0.201623
524 0.201245
524 0.198979
524 0.201245
524 0.201622
524 0.199735
524 0.200867
524 0.202
516 0.200489
516 0.201623
516 0.262789
516 0.202755
516 0.198602
516 0.200867
516 0.200867
516 0.201244
516 0.202
510 0.205775
509 0.200868
509 0.199735
509 0.199735
509 0.201245
504 0.200112
504 0.271095
504 0.204265
504 0.207663
504 0.206909
504 0.206153
504 0.206153
503 0.205398
503 0.205398
503 0.242778
501 0.206154
501 0.350007
501 0.200489
501 0.200489
501 0.201245
501 0.198979
501 0.200867
501 0.198224
501 0.200867
501 0.199735
501 0.291862
495 0.210684
495 0.207286
495 0.207664
495 0.206154
495 0.208796
495 0.206154
495 0.212195
490 0.209552
490 0.244665
490 0.228052
490 0.225409
490 0.232961
485 0.212572
485 0.209551
485 0.207664
485 0.206908
485 0.20653
482 0.208041
482 0.207286
482 0.207286
482 0.208041
482 0.208419
482 0.208797
480 0.209551
480 0.209929
480 0.208041
480 0.209552
480 0.210307
480 0.208042
480 0.206908
480 0.209551
480 0.220123
480 0.208041
480 0.304699
480 0.209174
480 0.272605
480 0.210306
480 0.206531
480 0.210307
480 0.208042
480 0.205776
480 0.209552
480 0.208419
480 0.206154
480 0.245798
480 0.215592
480 0.201245
480 0.204265
480 0.197847
478 0.203133
478 0.201245
478 0.211439
478 0.200489
478 0.201622
478 0.201245
478 0.235982
478 0.233716
478 0.214837
478 0.198602
473 0.203133
473 0.286198
473 0.213327
473 0.218613
473 0.200868
473 0.201245
473 0.20502
460 0.202377
460 0.20049
460 0.20049
460 0.202377
460 0.205398
460 0.20351
460 0.203133
460 0.204643
460 0.200112
460 0.203888
460 0.199735
460 0.227675
460 0.225787
460 0.282422
460 0.26883
460 0.199735
460 0.28733
460 0.200112
460 0.200867
460 0.202
460 0.200112
460 0.20049
460 0.200112
460 0.20049
460 0.241267
460 0.39003
460 0.230696
460 0.211817
460 0.210306
460 0.211062
460 0.209174
460 0.209929
460 0.209174
460 0.209174
460 0.207286
460 0.208041
460 0.206531
460 0.208041
460 0.211817
460 0.208796
460 0.238246
460 0.208796
460 0.211439
460 0.205775
460 0.208419
460 0.205398
460 0.209928
460 0.209551
460 0.209929
460 0.208796
460 0.207286
460 0.211439
460 0.207664
460 0.209174
460 0.254104
460 0.209552
460 0.206909
460 0.223144
460 0.211061
459 0.280912
459 0.239002
459 0.207663
459 0.208041
459 0.211062
458 0.208797
458 0.214082
458 0.209929
458 0.210684
458 0.208418
458 0.282422
458 0.233338
458 0.238247
458 0.206153
458 0.208419
458 0.208796
458 0.387386
458 0.280912
457 0.213327
457 0.223144
457 0.215215
457 0.236736
457 0.210306
457 0.208418
454 0.209552
454 0.207664
454 0.209174
454 0.209174
454 0.208796
454 0.207286
454 0.206908
454 0.209174
454 0.208419
454 0.237114
454 0.233716
454 0.212195
454 0.207664
454 0.213704
454 0.208041
454 0.210684
454 0.210684
454 0.206531
454 0.223899
447 0.225032
443 0.275627
443 0.211062
436 0.211439
436 0.206909
436 0.213705
436 0.211062
436 0.212195
436 0.208797
436 0.212194
436 0.207664
436 0.262789
436 0.256748
435 0.211062
435 0.211817
435 0.209929
435 0.208419
435 0.208419
435 0.212195
435 0.210307
435 0.208041
435 0.209173
435 0.209551
435 0.208041
435 0.207663
435 0.2424
435 0.237869
435 0.23145
435 0.207286
435 0.207664
435 0.206531
435 0.206153
435 0.206531
435 0.204643
435 0.207286
431 0.207286
431 0.207664
431 0.210684
429 0.246554
427 0.271473
427 0.211061
427 0.208419
427 0.208041
427 0.206531
427 0.223521
427 0.209174
427 0.319424
427 0.205776
427 0.208796
427 0.197092
427 0.208042
427 0.206908
427 0.207663
427 0.206531
427 0.206908
427 0.208419
427 0.263544
427 0.27827
427 0.243533
427 0.211062
427 0.396071
427 0.205776
427 0.201245
427 0.200867
427 0.199357
427 0.198979
427 0.197847
427 0.201245
427 0.196714
427 0.199735
427 0.200112
427 0.197469
427 0.20049
427 0.518781
427 0.403622
427 0.118179
427 0.115914
427 0.118557
427 0.115537
427 0.113649
427 0.117047
427 0.114026
427 0.114781
427 0.114404
427 0.113648
427 0.115159
427 0.112893
427 0.114026
427 0.11176
427 0.115159
427 0.114404
427 0.114404
427 0.113271
427 0.133282
427 0.114026
427 0.113271
427 0.113649
427 0.154049
427 0.117802
427 0.117802
427 0.136303
427 0.199357
427 0.126109
427 0.112516
423 0.114026
423 0.114403
423 0.113271
423 0.113271
423 0.113648
423 0.112894
421 0.114404
421 0.115158
421 0.114782
421 0.114026
421 0.115914
421 0.113649
421 0.139701
421 0.143854
417 0.235982
417 0.127996
417 0.114026
417 0.113271
417 0.115536
417 0.113649
417 0.113649
417 0.112138
417 0.112515
417 0.111383
417 0.116292
417 0.112893
417 0.112138
417 0.112516
417 0.112516
417 0.113271
417 0.112893
417 0.113271
417 0.112516
417 0.115159
417 0.112138
417 0.113271
417 0.113649
417 0.113271
410 0.114404
410 0.113649
405 0.114027
405 0.113649
405 0.114027
405 0.113271
405 0.113649
405 0.114026
405 0.113271
405 0.113649
405 0.113271
405 0.113271
405 0.112893
405 0.113271
405 0.114026
405 0.114781
405 0.114027
405 0.114026
405 0.113271
