298644 16889.055943
298624 980.882117
298605 755.800137
298576 856.951915
298576 845.053171
298556 766.625071
298498 828.177299
298498 760.495598
298498 750.543984
298485 747.995386
298462 739.709611
298448 741.591043
298448 742.07622
298445 747.998406
298442 752.752769
298436 754.574544
298436 748.408447
298428 748.327647
298428 756.909816
298420 776.000514
298420 761.114813
298399 757.293427
298399 769.159321
298395 767.404375
298395 765.969232
298373 770.542361
298368 768.083624
298368 755.299101
298359 787.461276
298350 776.704305
298350 797.955081
298350 754.553401
298339 761.542978
298333 764.871636
298333 755.020455
298298 744.937824
298281 753.884347
298265 793.017974
298246 780.722782
298229 805.383016
298208 788.062367
298189 823.594354
298174 814.340112
298166 725.076506
298166 722.16544
298165 747.545323
298165 735.922961
298162 743.532131
298154 685.738234
298154 709.286525
298134 711.791325
298096 696.335494
298096 690.244156
298085 703.480253
298021 702.86066
297978 700.566922
297978 695.229591
297977 705.28466
297977 695.544862
297977 710.647664
297925 694.255083
297919 722.00686
297919 721.829402
297912 700.137247
297912 709.018828
297912 691.210735
297912 699.960544
297912 700.185198
297885 692.462003
297885 720.944001
297885 708.527231
297885 703.530469
297848 700.133093
297848 693.702697
297845 698.520492
297845 701.007168
297806 704.769654
297754 703.049445
297754 717.829425
297754 723.410666
297700 722.564909
297700 717.169055
297691 698.048906
297637 750.485461
297614 746.973682
297603 727.374019
297594 728.178621
297593 727.94868
297593 712.421867
297584 704.284854
297580 701.116286
297580 715.075051
297580 710.731863
297580 688.922661
297567 725.276995
297567 791.537899
297567 795.966797
297566 851.304977
297566 717.591556
297488 837.452685
297488 758.934347
297465 774.870823
297446 719.428434
297441 693.290013
297441 764.557875
297436 730.283574
297435 739.077936
297390 725.105955
297390 743.252728
297363 745.853431
297335 739.086242
297319 741.81834
297312 734.101563
297234 734.949207
297229 729.241858
297164 740.237831
297164 750.048612
297144 743.731488
297137 745.95764
297137 755.300612
297131 762.540518
297131 750.209834
297131 759.143143
297129 791.559044
297117 737.097581
297117 749.693318
297115 764.619796
297115 743.905925
297115 712.079788
297115 736.711704
297042 733.414007
297024 755.999117
297024 743.421124
297024 750.83358
297024 744.937823
296995 749.290451
296995 733.832355
296991 734.484041
296991 753.140156
296948 741.491742
296948 717.988759
296948 714.038999
296917 731.900329
296915 707.905751
296915 724.080097
296885 732.939402
296885 768.554077
296885 753.37727
296872 761.592817
296872 752.699154
296806 720.255313
296749 695.382129
296749 709.99258
296727 725.004767
296710 728.44443
296710 716.649141
296710 729.980385
296627 733.230886
296622 722.244352
296622 734.3972
296610 717.118083
296555 765.768365
296555 731.151985
296553 702.307142
296538 715.733912
296518 729.622449
296506 716.84661
296470 720.3784
296458 781.952529
296452 709.608969
296414 713.706738
296414 712.233837
296414 703.598809
296414 694.026275
296393 726.495035
296393 724.50713
296393 740.055088
296393 711.884585
296392 744.346926
296389 701.686417
296382 694.792364
296382 695.93527
296377 695.685695
296377 702.630719
296353 765.565231
296353 780.198338
296353 740.044138
296353 747.902882
296353 752.577576
296315 780.045044
296308 742.240464
296308 710.847777
296295 717.479418
296282 731.476696
296282 735.807802
296282 736.775891
296272 725.141825
296272 753.811476
296264 744.957458
296245 742.107181
296245 733.040213
296245 726.590561
296238 710.743946
296226 743.325977
296226 745.60348
296142 747.373906
296142 731.415529
296103 722.125418
296073 719.612311
296073 736.190657
296073 767.45497
296073 760.807471
296062 746.511913
296062 755.243976
296031 738.454568
296019 729.974721
295998 736.977137
295998 725.087077
295942 709.531568
295942 741.52157
295937 745.637461
295925 730.451215
295873 708.039033
295873 711.218173
295786 734.915603
295786 734.214079
295786 723.707813
295781 712.280656
295730 727.735732
295730 714.029182
295730 714.700502
295730 769.35377
295730 774.355063
295719 745.435838
295706 742.342407
295706 730.62301
295700 747.144721
295700 727.983795
295700 741.532142
295700 732.95677
295700 710.76811
295681 712.619713
295675 708.763212
295675 706.828921
295664 709.277841
295635 717.386158
295635 738.349226
295626 718.400688
295610 715.878521
295586 726.166928
295581 719.571911
295557 723.066322
295546 729.395152
295546 739.389054
295546 744.463595
295527 714.955739
295522 714.455836
295492 722.50261
295489 727.548456
295477 720.731429
295447 726.780479
295406 738.807596
295406 706.086241
295395 723.563582
295388 716.111859
295377 724.017798
295357 731.446112
295338 727.286045
295301 728.730251
295292 723.511855
295292 722.815994
295292 718.623833
295292 721.489968
295222 717.394464
295222 713.266491
295222 733.407966
295136 719.641006
295101 730.014366
295101 732.391926
295084 728.373824
295084 721.816188
295084 723.143347
295064 711.326158
295064 738.62674
295064 703.445138
295064 757.259067
295021 731.643581
294994 702.148185
294978 727.135772
294967 744.889117
294929 737.475151
294920 751.579659
294920 769.054735
294920 756.626638
294904 762.189378
294904 743.122467
294904 757.438036
294904 795.196554
294884 773.61427
294884 771.639579
294884 753.628354
294875 758.8577
294875 760.35703
294864 755.592473
294864 739.15194
294864 755.124664
294846 744.275566
294778 718.033691
294778 708.285586
294778 749.774118
294727 742.451525
294683 754.212077
294667 742.364684
294630 744.36354
294590 718.552472
294590 716.612517
294554 756.321183
294532 760.498996
294511 774.14589
294511 752.453733
294511 720.433903
294511 706.352428
294500 737.03868
294489 722.636269
294489 740.442097
294489 754.634201
294479 759.961715
294474 756.020637
294456 729.877686
294456 740.644475
294423 770.386047
294418 770.534054
294397 773.850252
294397 788.558494
294397 751.835273
294397 727.656442
294397 736.804965
294397 748.887962
294372 790.778228
294357 738.646374
294357 755.548298
294347 757.313816
294347 748.934026
294347 732.129137
294306 747.504168
294290 723.380083
294281 702.211239
294268 708.760192
294268 746.477177
294268 771.90048
294230 764.747037
294230 783.133567
294219 832.64131
294166 781.582887
294155 726.405929
294145 707.29371
294111 708.330895
294111 711.416398
294042 708.525344
294042 721.312132
294042 720.43126
294042 694.939239
294033 698.976974
294033 710.521934
293949 713.577608
293899 708.879882
293899 705.779276
293899 712.120188
293852 716.211537
293837 705.431912
293837 712.043164
293837 709.512689
293793 720.042364
293793 704.554062
293793 706.449085
293793 718.951186
293793 720.936826
293788 730.578457
293788 704.451362
293788 724.375357
293788 726.820502
293750 737.654874
293702 734.519533
293661 703.991859
293657 751.380302
293598 710.598204
293593 751.836028
293559 730.50332
293539 722.647219
293539 756.602851
293539 725.202991
293502 712.611029
293478 729.110464
293478 714.489818
293478 714.149627
293478 722.727642
293474 711.103769
293464 726.680045
293458 732.421754
293440 734.171035
293440 743.172683
293434 751.301012
293423 764.67039
293423 746.909494
293423 736.61769
293409 732.33831
293409 728.888453
293409 711.497953
293409 705.952204
293390 714.762046
293390 749.234193
293383 743.860616
293341 749.99613
293341 863.537492
293338 703.038495
293325 710.765466
293319 762.936589
293304 790.39575
293289 724.17298
293285 701.723419
293278 721.132786
293278 735.696041
293278 757.101621
293270 724.570184
293257 769.211048
293237 721.713866
293237 699.258264
293210 720.461088
293195 734.960535
293195 725.376673
293195 718.892285
293189 730.283951
293189 718.188494
293189 701.524439
293189 710.402622
293112 710.358446
293085 712.245164
293085 710.67485
293075 707.341662
293045 712.14171
293045 711.069033
292994 729.438572
292992 716.467907
292992 707.962387
292942 713.650479
292942 730.024183
292942 740.536112
292930 745.109618
292930 741.598594
292900 740.40434
292827 707.533089
292827 725.911313
292827 746.866829
292796 732.318299
292709 712.803213
292709 722.985144
292709 698.443467
292699 695.557699
292678 703.240873
292673 706.091527
292627 711.705993
292619 698.794985
292617 703.838189
292617 704.896139
292607 692.486545
292607 695.778956
292549 705.867628
292522 731.465369
292522 717.923062
292462 700.224088
292419 702.43023
292419 696.308686
292412 703.832902
292412 697.749871
292408 695.357588
292408 706.040177
292387 717.217384
292387 719.62175
292363 695.677766
292363 715.677654
292363 705.317885
292331 705.258607
292331 705.165725
292331 715.563627
292311 711.266125
292305 719.846027
292305 710.059788
292305 700.369452
292299 704.458914
292270 730.935637
292248 720.024618
292248 709.972192
292248 698.287909
292227 705.81288
292227 697.170301
292219 693.771793
292198 692.224133
292102 724.887721
292102 701.459875
292102 701.652435
292102 696.921105
292102 703.699997
292097 740.738112
292097 734.982056
292079 728.260176
292079 721.822606
292079 722.714427
292055 714.722779
292055 727.483892
292035 722.096722
292023 728.929986
292023 741.136071
292017 732.492359
292000 706.116824
292000 709.878177
292000 741.233106
292000 725.387245
292000 720.378401
292000 721.132786
291994 722.510916
291994 699.974514
291994 720.128072
291991 729.671533
291991 708.95011
291966 712.040521
291953 704.078323
291953 708.051115
291936 705.417942
291933 701.761931
291933 700.987157
291870 705.601063
291870 714.099788
291858 710.917627
291858 730.303208
291858 719.696509
291858 741.628422
291858 716.045407
291801 739.474385
291801 721.30156
291788 755.028384
291761 746.094321
291760 732.354169
291760 733.821783
291760 738.522153
291760 704.229351
291754 729.610367
291754 718.436935
291718 698.470274
291711 711.225347
291704 698.967157
291704 708.313527
291704 706.560469
291704 704.985624
291692 707.496842
291643 821.085778
291640 793.53449
291640 906.655238
291640 875.139842
291640 809.313898
291633 710.30974
291633 774.50156
291607 835.992245
291589 698.498215
291589 699.136686
291589 787.234356
291589 710.691463
291588 719.240782
291565 720.37538
291514 783.971395
291512 708.237258
291494 711.708637
291482 695.633591
291476 735.440426
291476 743.373173
291459 723.093884
291459 727.062524
291459 746.355599
291445 736.003006
291445 744.900066
291445 755.896795
291445 731.085155
291429 744.665973
291429 746.89628
291429 745.108485
291429 745.774142
291429 732.132157
291429 722.876404
291429 748.019551
291429 743.175704
291429 738.991095
291427 721.443526
291411 696.146331
291411 698.095725
291392 705.236708
291337 710.491729
291333 697.514268
291321 713.082237
291320 729.640573
291320 702.011127
291313 719.01726
291313 732.3772
291313 746.18305
291305 735.36529
291244 728.135956
291244 733.762127
291237 733.548045
291227 714.577792
291227 712.09036
291184 708.615206
291158 705.408125
291142 699.696622
291142 720.196034
291142 716.389751
291132 705.051321
291132 702.719071
291132 708.103597
291123 703.317142
291063 705.523284
291040 724.516191
291040 724.140887
291040 701.470069
291040 725.26227
291022 707.577643
290992 698.693797
290992 702.165931
290992 712.673328
290992 713.261582
290989 699.523318
290974 705.69168
290974 708.794551
290962 695.675123
290950 698.669254
290950 709.362794
290948 757.919438
290948 750.498298
290948 757.428219
290948 855.194326
290948 826.082918
290948 767.713983
290948 827.010608
290907 781.804143
290894 707.224993
290894 704.567654
290891 751.445244
290840 714.522667
290840 731.962251
290838 719.98837
290838 713.099605
290838 697.70343
290805 695.100085
290780 720.456935
290780 801.596366
290780 729.016826
290780 732.3772
290780 740.691293
290780 741.45474
290766 718.732195
290762 724.705354
290710 735.505745
290701 735.568422
290701 731.909768
290698 748.491891
290651 731.587702
290651 714.29688
290643 721.033862
290643 712.078277
290643 729.532587
290624 733.861806
290624 743.457749
290624 744.577244
290571 742.922354
290558 739.861394
290558 732.315279
290558 720.88812
290558 714.569485
290558 711.063747
290497 694.188253
290485 701.689437
290473 705.785695
290467 796.419125
290467 814.624799
290442 735.529532
290439 770.427957
290431 788.688001
290424 732.527851
290424 743.809644
290401 735.377372
290393 749.2829
290390 739.818351
290349 723.764827
290316 737.666957
290316 721.171298
290316 725.310976
290240 733.020957
290237 721.11504
290176 716.617047
290162 719.68858
290152 704.601257
290147 726.016654
290120 723.60587
290120 795.864853
290111 729.533343
290079 724.559611
290079 746.663696
290066 790.00874
290055 707.628992
290055 711.714301
290055 755.510919
290055 738.049436
290055 710.610663
290055 710.618214
290055 746.692392
290035 733.31735
289989 746.772815
289989 737.682814
289989 743.212328
289989 738.16044
289988 725.53261
289988 730.003417
289967 737.31997
289945 712.91535
289935 722.965133
289906 728.027971
289859 721.283436
289859 739.770022
289853 753.325921
289853 757.274548
289853 727.010797
289834 732.957525
289834 732.505196
289834 726.02987
289808 708.708843
289801 712.499268
289788 726.654748
289788 736.966564
289777 735.235783
289755 741.555928
289755 743.309741
289742 743.851554
289742 736.677346
289742 738.425495
289692 745.425266
289692 751.214927
289685 749.99915
289685 714.539657
289685 735.185189
289685 765.292249
289685 752.483939
289685 727.524292
289685 739.970134
289666 743.176459
289647 724.4588
289647 729.862583
289647 716.481877
289647 720.587197
289647 706.407552
289647 729.592243
289647 717.411833
289623 710.631807
289622 722.839025
289622 729.892789
289618 730.389671
289618 718.053702
289606 735.168198
289606 744.184194
289606 726.980591
289598 736.041895
289561 749.402589
289493 766.605437
289484 723.927181
289484 712.585732
289477 735.545013
289461 745.687678
289461 721.277395
289461 730.732505
289461 736.507816
289461 735.426079
289461 722.199798
289461 738.525551
289458 751.348963
289458 738.373013
289433 742.96502
289433 734.181607
289433 726.73517
289433 750.31933
289411 780.105078
289411 823.976077
289406 757.726877
289361 790.805036
289361 761.299823
289361 713.96424
289328 774.559329
289328 774.97239
289328 725.593776
289328 733.839529
289301 739.452486
289301 747.22099
289301 735.760983
289273 724.268883
289273 720.57587
289273 706.815707
289273 702.644312
289273 709.807572
289261 713.287634
289261 714.058256
289261 725.490322
289250 736.075122
289250 729.566946
289250 704.03226
289228 703.55048
289228 751.18321
289186 735.050774
289186 733.138004
289186 742.348448
289177 732.005293
289113 734.43911
289070 721.590023
289046 732.410426
289046 745.055248
289045 728.410071
289045 732.40061
289040 741.235371
289009 738.977124
289000 732.93827
289000 740.788329
288965 731.951301
288961 713.555709
288953 713.811702
288953 716.359545
288953 721.827892
288946 709.108312
288946 725.339672
288946 748.724096
288940 717.332165
288940 704.00583
288928 737.766635
288922 708.742823
288922 703.421351
288895 709.655033
288883 721.133163
288879 707.959743
288879 708.214226
288879 704.258801
288843 707.473056
288773 711.122648
288773 707.266902
288773 703.601452
288773 710.097545
288773 706.943325
288734 707.943886
288728 703.286937
288728 704.934275
288728 716.953085
288679 724.97947
288679 737.334696
288643 709.289168
288643 699.621486
288643 708.792663
288595 703.63128
288552 716.577025
288522 701.390779
288513 714.248173
288510 701.958267
288510 719.213219
288510 711.891758
288508 701.414189
288496 709.70525
288492 720.242098
288492 700.441191
288479 708.674484
288479 695.384772
288479 706.931243
288479 708.389041
288479 701.549359
288438 697.651703
288438 704.425688
288438 731.026254
288437 702.56389
288437 699.368514
288388 691.847318
288382 709.997111
288371 713.846061
288343 698.541258
288343 715.930248
288343 701.902009
288343 703.06719
288343 705.064913
288311 695.137464
288305 695.889583
288305 700.30451
288270 698.233161
288235 713.782629
288228 701.304694
288228 703.644873
288223 715.374465
288223 703.85518
288205 700.799127
288202 709.432645
288193 745.778672
288114 693.010989
288114 711.633123
288111 713.467736
288111 693.297942
288106 702.683579
288106 703.055108
288106 718.558891
288102 695.223173
288102 701.096275
288081 709.788693
288081 713.604038
288081 712.060154
288067 697.673602
288067 715.926849
288067 695.77367
288062 739.88065
288055 730.561843
288053 694.178436
288009 707.693557
288009 696.76479
288006 692.588866
288006 734.363974
288006 764.769314
287976 735.75834
287976 714.640469
287976 702.92749
287976 763.245441
287976 728.481054
287952 720.936072
287921 741.079813
287921 763.463677
287841 726.757825
287828 693.196753
287823 702.102122
287823 733.872
287794 706.565377
287794 698.028518
287794 698.659815
287794 770.961085
287757 714.477358
287757 721.34498
287757 722.943234
287757 766.991314
287675 754.565861
287633 719.446558
287613 720.498091
287570 708.443033
287569 715.630835
287569 731.452531
287569 750.823763
287569 794.666822
287569 803.121749
287569 748.483585
287549 737.962972
287549 741.458138
287549 704.744734
287549 722.506764
287528 751.129595
287475 717.55833
287462 738.864231
287462 730.118953
287444 746.541741
287435 723.078404
287378 768.9762
287378 762.093853
287378 737.224822
287346 731.994721
287310 741.680149
287237 715.784128
287213 727.18901
287176 709.635777
287176 707.384327
287173 732.396833
287173 754.596066
287173 712.970098
287101 705.448147
287076 695.876368
287066 695.218642
287062 732.972629
287061 767.047949
287061 723.507324
287048 732.091379
287048 718.97384
287024 729.319638
287024 706.9286
286978 742.692414
286972 740.342796
286949 745.234971
286906 716.472061
286906 787.698012
286906 773.844588
286898 764.51823
286898 707.173643
286898 708.029594
286898 743.794919
286898 696.968679
286894 691.921699
286878 701.213321
286878 693.878267
286871 687.952306
286871 691.484096
286871 704.125142
