241 9.540818
241 8.56782
232 0.177836
200 0.123466
190 0.112138
176 0.195204
176 0.135548
164 0.223521
164 0.121577
164 0.191805
164 0.14612
164 0.113271
155 0.123465
155 0.091372
155 0.081177
155 0.089107
155 0.106474
155 0.101944
145 0.074004
145 0.090239
145 0.111761
145 0.121956
145 0.065698
145 0.071738
140 0.119689
140 0.163488
140 0.124598
140 0.061922
120 0.077025
120 0.067585
120 0.079668
120 0.0808
120 0.074381
105 0.060411
105 0.091749
105 0.061544
105 0.055881
105 0.109118
102 0.064565
84 0.070605
84 0.055502
84 0.056636
84 0.058523
84 0.05437
84 0.138568
84 0.086086
84 0.050216
84 0.064186
84 0.045686
82 0.045308
82 0.075137
82 0.047196
82 0.046063
82 0.045309
71 0.07778
64 0.04342
64 0.042666
64 0.043798
64 0.041533
64 0.076647
64 0.042288
64 0.040778
64 0.040023
64 0.104587
64 0.077402
64 0.041155
64 0.042288
64 0.040778
64 0.0404
64 0.041533
64 0.040022
64 0.074759
64 0.095147
64 0.045686
64 0.095147
56 0.057013
56 0.043421
56 0.068341
56 0.045309
56 0.056635
56 0.041533
56 0.043421
56 0.057013
56 0.042288
56 0.042666
56 0.070228
56 0.174438
56 0.05437
56 0.061544
56 0.078912
56 1.614867
56 0.057391
56 0.042288
56 0.040777
56 0.043799
56 0.041911
56 0.242777
56 0.042665
56 0.040777
56 0.061166
56 0.114027
56 0.054748
56 0.043798
56 0.044553
56 0.045686
56 0.051349
52 0.042288
52 0.053615
52 0.08382
52 0.056258
48 0.047574
48 0.041533
48 0.042666
48 0.046819
48 0.051349
48 0.044553
48 0.04342
48 0.050971
48 0.070228
48 0.043798
48 0.05437
48 0.046063
48 0.043798
48 0.043798
48 0.046818
48 0.045309
47 0.04342
47 0.046441
47 0.047951
47 0.040778
47 0.043421
47 0.044554
47 0.043043
47 0.045309
47 0.044931
47 0.041532
47 0.042288
47 0.068718
47 0.041911
47 0.040778
47 0.054747
47 0.071361
47 0.069096
47 0.020766
47 0.019256
47 0.018879
42 0.018501
42 0.017745
42 0.018123
42 0.019257
42 0.019256
42 0.018124
40 0.119312
40 0.034737
40 0.025675
39 0.038512
39 0.024164
39 0.020012
39 0.020389
39 0.026807
39 0.019256
39 0.025298
39 0.020389
39 0.021144
39 0.021521
39 0.018501
39 0.062299
39 0.087974
39 0.021522
39 0.020012
39 0.018879
39 0.019634
39 0.018501
39 0.019256
39 0.020011
39 0.019256
39 0.019634
39 0.018878
39 0.018879
39 0.020389
39 0.018501
39 0.018123
39 0.019256
39 0.017746
39 0.03738
39 0.017746
39 0.016235
39 0.016613
39 0.01548
39 0.016613
39 0.047951
39 0.033981
39 0.027941
39 0.018501
39 0.015103
39 0.015481
36 0.020012
36 0.018123
36 0.016991
36 0.016236
36 0.083443
36 0.016236
36 0.05437
36 0.014348
36 0.05135
36 0.013593
36 0.01397
36 0.012837
36 0.013215
36 0.012082
36 0.012082
36 0.037379
36 0.056258
36 0.022654
36 0.02794
36 0.015103
36 0.028318
36 0.039645
36 0.013592
36 0.012838
36 0.01246
33 0.01397
33 0.014725
33 0.014725
33 0.01397
33 0.013593
31 0.056636
31 0.058146
31 0.014726
31 0.015103
31 0.014348
31 0.012837
31 0.013215
31 0.013593
31 0.014348
31 0.027562
31 0.014725
31 0.025298
31 0.013215
31 0.013971
31 0.015103
31 0.01397
31 0.014725
31 0.013215
31 0.01397
31 0.01397
31 0.013215
31 0.015103
31 0.014347
31 0.01397
31 0.040778
31 0.015481
31 0.109873
31 0.01397
31 0.012838
31 0.012837
31 0.012838
31 0.026807
31 0.012083
31 0.011705
31 0.013593
31 0.014726
31 0.013215
31 0.013215
31 0.013592
31 0.02643
31 0.012837
31 0.012837
31 0.012459
31 0.012838
31 0.011704
31 0.029073
31 0.025675
31 0.078157
31 0.012082
31 0.059656
31 0.063809
29 0.040022
29 0.082311
29 0.01397
29 0.074759
29 0.027563
25 0.013215
25 0.013215
25 0.013215
25 0.01246
25 0.013593
25 0.012459
25 0.013592
25 0.01397
25 0.018501
25 0.016991
25 0.013593
25 0.013593
25 0.012838
25 0.012837
25 0.013215
25 0.011327
25 0.01397
25 0.013215
25 0.013215
25 0.012838
25 0.012837
25 0.014726
25 0.01397
25 0.012838
25 0.013215
25 0.01397
25 0.011705
24 0.013215
24 0.013215
24 0.013592
24 0.013215
24 0.013593
24 0.013215
24 0.013593
24 0.013592
24 0.013215
24 0.013215
24 0.015481
24 0.021144
24 0.013592
24 0.01397
24 0.014725
24 0.013215
24 0.018124
24 0.013593
24 0.013593
24 0.012459
24 0.022277
24 0.037379
24 0.015103
24 0.013593
24 0.012083
24 0.013215
24 0.012837
24 0.016613
24 0.021521
24 0.017368
24 0.01397
24 0.013214
24 0.011327
24 0.01397
24 0.014725
24 0.017369
24 0.018501
24 0.017368
24 0.016235
24 0.012837
24 0.013592
24 0.014725
24 0.019256
24 0.01397
24 0.013215
24 0.013215
23 0.020766
23 0.013592
23 0.013593
23 0.012838
23 0.014348
23 0.013593
23 0.013215
23 0.016613
23 0.019256
23 0.018123
23 0.01699
23 0.012459
23 0.01246
23 0.01246
23 0.012837
23 0.014348
23 0.016614
23 0.013592
23 0.013592
23 0.015858
23 0.013593
23 0.013592
23 0.014725
23 0.013215
23 0.01397
23 0.015481
23 0.01548
23 0.018124
23 0.016235
23 0.015103
23 0.01397
23 0.015858
23 0.012838
23 0.012837
23 0.01246
23 0.013592
23 0.01246
23 0.013592
23 0.013215
23 0.012837
23 0.013592
23 0.013593
23 0.012082
23 0.011704
23 0.012082
23 0.012837
23 0.012837
23 0.01397
23 0.01397
23 0.013215
23 0.015103
23 0.012838
23 0.012837
23 0.013215
23 0.012082
23 0.013214
23 0.018879
23 0.013593
23 0.01246
23 0.01397
23 0.014725
23 0.013592
23 0.01397
23 0.01246
23 0.01246
23 0.012082
23 0.012838
23 0.012837
23 0.013593
23 0.013593
23 0.01397
23 0.012837
23 0.012838
23 0.012082
23 0.01246
23 0.012082
23 0.014348
23 0.014347
23 0.015481
23 0.033226
23 0.014348
23 0.023409
23 0.01246
23 0.011705
23 0.020388
23 0.01397
23 0.021144
23 0.01246
23 0.013215
23 0.013215
23 0.01246
23 0.013593
23 0.01397
23 0.011704
23 0.013592
23 0.011705
23 0.012083
23 0.014725
23 0.012837
23 0.01246
23 0.012459
23 0.012837
23 0.012837
23 0.011705
23 0.011705
23 0.011705
23 0.012082
23 0.014725
23 0.01246
23 0.01246
23 0.013215
23 0.012083
23 0.011327
23 0.012083
23 0.012083
23 0.011705
23 0.012837
23 0.018501
23 0.012838
23 0.015103
23 0.014348
23 0.012838
23 0.012459
23 0.011327
23 0.01246
23 0.011327
23 0.012838
23 0.01246
23 0.01246
23 0.012837
23 0.01246
23 0.01397
23 0.013215
23 0.011327
23 0.011705
23 0.011705
23 0.012459
23 0.012082
23 0.01095
23 0.011704
23 0.015103
23 0.012082
22 0.01397
22 0.012837
22 0.012082
22 0.011705
22 0.013215
22 0.013215
22 0.02643
22 0.024164
22 0.013592
22 0.013215
22 0.01246
22 0.011704
22 0.012083
22 0.012837
22 0.014348
22 0.01397
22 0.01397
22 0.012838
22 0.015103
22 0.012838
22 0.012837
22 0.011327
22 0.011327
22 0.01246
22 0.01246
22 0.01397
22 0.012838
22 0.013592
22 0.022654
22 0.014348
22 0.01397
22 0.013592
22 0.012082
22 0.013215
21 0.014347
21 0.011327
21 0.012837
21 0.011704
21 0.012837
21 0.01246
21 0.01095
21 0.02945
21 0.011327
21 0.019633
21 0.010949
21 0.010572
21 0.020766
21 0.010572
21 0.009439
21 0.027185
21 0.012082
21 0.010572
21 0.016613
21 0.010949
21 0.010194
21 0.012082
21 0.010949
21 0.009439
21 0.009817
21 0.01095
21 0.026807
21 0.012082
21 0.010572
21 0.01095
21 0.011327
21 0.009439
21 0.009439
21 0.010572
21 0.010572
21 0.010195
21 0.020389
21 0.010572
21 0.010572
21 0.009817
21 0.00944
21 0.010572
21 0.010572
21 0.010949
21 0.010194
21 0.010572
21 0.020389
21 0.011327
21 0.012082
21 0.010572
21 0.01397
21 0.011327
21 0.011705
21 0.019256
21 0.010572
21 0.012083
21 0.009817
21 0.009439
21 0.010572
21 0.01246
21 0.01095
21 0.010572
21 0.018501
21 0.010949
21 0.009439
21 0.009439
21 0.018879
21 0.010195
21 0.010572
21 0.012838
21 0.010194
21 0.018501
21 0.024542
21 0.009439
20 0.010195
20 0.012082
20 0.013592
20 0.012459
20 0.010949
19 0.011705
19 0.013971
19 0.010194
19 0.009817
19 0.010949
19 0.010572
19 0.012837
19 0.01397
19 0.010572
19 0.010949
19 0.009439
19 0.009817
19 0.010949
19 0.01095
19 0.010949
19 0.010572
19 0.01095
19 0.012082
19 0.010949
19 0.010195
19 0.009817
19 0.009817
19 0.01095
19 0.028318
19 0.010949
19 0.012083
19 0.010949
19 0.033604
18 0.011327
18 0.010195
18 0.011704
18 0.01095
18 0.010572
18 0.010572
18 0.010572
18 0.010194
18 0.010572
18 0.009061
18 0.009062
18 0.012837
17 0.011327
17 0.01397
17 0.011705
17 0.011327
17 0.011705
17 0.012838
17 0.009816
17 0.009816
17 0.010194
17 0.009816
17 0.009817
17 0.011705
17 0.009817
17 0.009817
17 0.011327
17 0.009439
17 0.009817
17 0.010195
17 0.010949
17 0.01095
17 0.010571
17 0.01246
17 0.010195
17 0.010195
17 0.009439
17 0.009062
17 0.029828
17 0.009816
17 0.010194
17 0.010194
17 0.010572
17 0.010195
17 0.010572
17 0.009062
17 0.009439
17 0.009439
17 0.010195
17 0.018879
17 0.010194
17 0.009817
16 0.010949
16 0.010195
16 0.009817
16 0.009817
16 0.010194
16 0.011704
16 0.011327
16 0.010194
16 0.011327
16 0.010572
16 0.011327
16 0.009439
16 0.019256
16 0.011327
16 0.011327
16 0.011705
16 0.010572
16 0.009817
16 0.011327
16 0.010949
16 0.009816
16 0.009439
16 0.010572
16 0.010194
16 0.010572
16 0.009817
16 0.010572
16 0.010572
16 0.010194
16 0.015858
16 0.009439
16 0.010195
16 0.009817
16 0.010194
16 0.01095
16 0.010194
16 0.010572
16 0.010195
16 0.009439
16 0.009062
16 0.01699
16 0.010194
16 0.011705
16 0.011705
16 0.019256
16 0.011327
16 0.010572
16 0.011327
16 0.009817
16 0.009816
16 0.011705
16 0.013592
16 0.012837
16 0.01095
16 0.010572
16 0.010194
16 0.010195
16 0.009439
16 0.009439
16 0.011327
16 0.010572
16 0.010194
16 0.010572
16 0.009816
16 0.009817
16 0.009817
16 0.009061
16 0.009061
16 0.010194
16 0.012082
16 0.009439
16 0.00944
16 0.009439
16 0.010949
16 0.010194
16 0.009817
16 0.009062
16 0.010195
16 0.018124
16 0.018501
16 0.011327
16 0.010194
16 0.009817
16 0.01095
16 0.009061
16 0.008684
16 0.008684
16 0.009817
16 0.009817
16 0.011705
16 0.009817
16 0.009817
16 0.009817
16 0.008685
16 0.008684
16 0.008684
16 0.009439
16 0.010572
16 0.010949
16 0.010194
16 0.009439
16 0.010949
16 0.011327
16 0.009062
16 0.008684
16 0.009817
16 0.00944
16 0.010194
16 0.01095
16 0.009817
16 0.00944
16 0.009439
16 0.008684
16 0.009062
16 0.009817
16 0.010194
16 0.010195
16 0.009817
16 0.009439
16 0.009439
16 0.009439
16 0.008684
16 0.009439
16 0.009817
16 0.010194
16 0.009817
16 0.009439
16 0.009817
16 0.009817
16 0.009817
16 0.009062
16 0.009062
16 0.010572
16 0.010194
16 0.010194
16 0.009816
16 0.009817
16 0.009816
16 0.009817
16 0.009439
16 0.009062
16 0.009062
16 0.010194
16 0.010572
16 0.009817
16 0.009817
16 0.010572
16 0.010572
16 0.009817
16 0.009062
16 0.009817
16 0.010194
16 0.009817
16 0.010194
16 0.009817
16 0.010572
16 0.009817
16 0.009816
16 0.009062
16 0.009817
16 0.009439
16 0.009817
16 0.010572
16 0.01095
16 0.010572
16 0.010572
16 0.010571
16 0.010194
16 0.010949
16 0.012082
16 0.011705
16 0.010194
16 0.010571
16 0.010572
16 0.010572
16 0.009439
16 0.010572
16 0.011327
16 0.010949
16 0.009816
16 0.010572
16 0.013215
16 0.010949
16 0.009817
16 0.010194
16 0.018501
16 0.010194
16 0.010572
16 0.011327
16 0.012082
16 0.011705
16 0.036625
16 0.018501
16 0.018501
16 0.018501
16 0.018879
16 0.021521
16 0.018123
16 0.01095
16 0.009439
16 0.009062
16 0.010195
16 0.010572
16 0.018124
16 0.013215
16 0.010572
16 0.012082
16 0.01095
16 0.009816
16 0.025297
16 0.009817
16 0.02794
16 0.010572
16 0.010195
16 0.009817
16 0.009439
16 0.009439
16 0.021522
16 0.009061
16 0.010195
16 0.029073
16 0.010194
16 0.026052
16 0.00944
16 0.010194
16 0.008684
16 0.009061
16 0.010572
16 0.009817
16 0.009817
16 0.01095
16 0.009816
16 0.009817
16 0.008684
16 0.008684
16 0.008684
16 0.033226
16 0.009816
16 0.009817
16 0.009817
16 0.010194
16 0.009817
16 0.009062
16 0.008684
16 0.009817
16 0.009817
16 0.010194
16 0.009439
16 0.009439
16 0.009439
16 0.009062
16 0.008684
16 0.009439
15 0.009439
15 0.012838
15 0.032471
15 0.010572
15 0.014348
15 0.14763
15 0.011705
15 0.010949
15 0.010572
15 0.010949
15 0.010572
15 0.010195
15 0.009817
15 0.01095
15 0.008684
15 0.011704
15 0.016236
15 0.011705
15 0.009439
15 0.037379
15 0.026808
15 0.010194
15 0.009439
15 0.009062
15 0.008684
15 0.009439
15 0.011327
15 0.00944
15 0.042666
15 0.040022
15 0.027185
15 0.008307
15 0.008307
15 0.009062
15 0.009061
15 0.009062
15 0.009817
15 0.0404
15 0.025674
15 0.008307
15 0.009062
15 0.009062
15 0.057013
15 0.009817
15 0.009439
15 0.009439
15 0.009439
15 0.009439
15 0.008684
15 0.022654
15 0.010194
15 0.048329
15 0.033604
15 0.011327
15 0.009817
15 0.009062
15 0.008307
15 0.009061
