8843 23.500716
8843 5.603895
8816 2.220867
8816 2.057757
8809 3.613345
8805 7.502317
8738 7.205547
8716 6.730186
8716 7.019405
8706 7.321839
8706 7.193088
8685 7.174587
8685 7.255764
8640 7.233487
8625 6.945402
8611 7.216119
8611 7.207436
8603 7.012231
8603 7.07302
8598 7.130411
8598 7.067357
8598 7.452101
8598 1.160273
8537 1.016796
8537 1.078718
8497 0.985081
8490 0.999428
8490 0.982815
8442 0.985458
8442 0.989611
8420 1.025858
8420 1.041716
8420 1.085136
8417 0.990744
8412 1.093065
8406 1.065503
8391 1.020195
8373 1.020572
8373 1.033032
8365 1.027368
8328 1.042471
8323 1.090045
8267 1.06437
8253 1.062482
8253 1.069278
8253 1.051155
8253 1.053421
8233 0.984703
8220 1.11874
8220 1.053798
8220 1.093066
8220 1.02246
8219 1.151589
8209 1.095331
8160 0.986591
8160 0.979794
8160 0.984703
8159 0.975641
8159 0.981305
8159 0.978662
8159 1.056819
8159 1.127046
8159 1.04096
8130 1.005847
8115 0.902015
8114 0.89975
8108 0.894086
8108 0.898239
8108 1.001316
8108 0.896351
8086 1.083248
8086 0.895219
8086 0.904658
8086 0.897107
8085 1.005091
8085 0.900127
8073 0.906923
8073 1.20105
8073 1.057951
8055 0.892954
8038 0.999806
8038 0.906168
8018 0.897861
8018 0.902392
8018 0.993387
7995 0.870299
7957 0.868789
7957 0.994142
7957 0.871809
7911 0.874075
7905 0.942792
7904 1.048512
7904 0.870677
7903 0.86388
7903 0.870677
7903 0.9073
7903 0.869166
7895 0.872942
7895 0.941282
7895 0.868411
7895 1.097219
7875 1.027745
7867 0.895596
7867 0.958651
7867 0.985836
7815 1.024726
7811 0.978284
7770 0.868033
7770 1.045114
7770 0.893331
7761 1.119873
7753 0.897484
7745 1.009245
7745 0.899372
7700 1.455911
7672 0.895596
7672 0.943171
7672 0.902392
7672 0.893709
7672 0.894086
7672 0.946946
7672 1.02246
7672 0.903147
7672 0.89975
7672 1.017929
7672 0.882758
7657 0.881627
7651 0.888045
7651 1.009623
7644 0.852931
7628 1.041339
7605 0.860482
7605 0.854064
7596 0.850665
7591 0.962803
7584 0.849533
7584 0.851798
7573 0.848778
7573 0.85142
7520 0.859727
7520 0.851421
7520 0.935996
7520 0.917117
7520 0.847645
7515 0.857839
7515 0.973375
7515 1.003582
7515 1.03643
7452 0.922782
7452 0.91976
7416 0.852553
7396 0.899372
7396 1.004714
7396 0.850288
7396 0.854064
7347 0.855951
7342 0.853686
7333 0.861992
7329 0.928067
7326 0.853308
7320 1.031899
7267 0.854441
7267 1.196142
7263 0.974131
7263 0.898616
7263 0.857084
7253 0.86237
7253 0.854441
7252 0.85142
7252 0.917495
7252 0.909188
7251 1.088157
7251 0.941282
7251 0.968089
7251 0.997917
7251 0.935619
7251 0.94166
7250 0.938639
7250 0.938261
7245 0.940149
7242 0.934486
7242 1.03945
7227 0.953742
7227 0.93222
7218 1.084003
7218 0.91674
7218 0.912209
7218 0.910699
7217 0.909566
7183 0.911832
7183 0.912587
7183 1.18708
7183 0.91372
7170 0.909567
7170 1.076453
7161 0.909566
7136 0.912209
7119 0.91674
7104 0.908434
7103 1.026613
7103 0.909944
7103 0.916362
7098 1.080228
7087 0.940904
7087 1.088912
7067 0.940527
7067 0.939772
7041 0.941283
7041 0.936751
7030 0.960538
7030 0.934109
7030 0.937129
7030 1.395876
7030 1.253533
7030 1.002826
7030 0.974886
6993 0.937507
6993 0.936751
6993 0.936373
6993 0.940905
6987 0.937129
6959 0.939394
6959 1.077207
6959 0.940149
6929 1.034165
6926 0.942793
6896 1.045114
6877 0.964691
6843 0.980172
6843 0.939772
6843 0.939017
6843 0.993387
6843 1.836123
6820 1.826684
6820 1.063615
6820 1.000938
6814 0.999428
6811 1.028123
6811 0.998673
6811 1.163671
6811 1.096841
6799 1.109679
6769 1.299596
6769 1.111188
6769 1.167824
6724 1.024347
6724 1.328669
6707 1.05342
6687 0.998295
6644 0.983193
6640 1.281473
6640 1.548415
6633 2.194438
6629 1.545395
6620 1.003204
6615 1.008489
6615 1.097219
6592 1.104015
6591 1.07683
6591 1.12025
6582 0.998295
6573 0.960161
6573 0.983192
6573 1.069656
6564 1.104014
6558 0.963558
6558 1.060972
6532 1.13271
6509 0.949211
6509 1.120251
6509 0.936751
6509 1.006224
6509 0.994897
6503 0.935996
6486 1.091555
6486 1.195387
6424 1.272412
6401 1.015664
6401 1.141017
6376 0.934109
6376 1.078718
6376 1.105525
6376 1.371712
6376 2.013581
6376 2.164987
6376 1.46837
6361 1.126291
6349 1.003204
6349 1.041338
6349 0.994897
6349 1.043226
6299 1.122516
6299 1.012643
6299 1.219929
6291 1.34717
6291 1.296199
6279 1.049267
6279 1.04096
6248 0.967334
6248 0.962426
6248 1.165937
6248 1.035675
6248 1.002071
6220 0.963181
6220 1.07683
6220 1.021327
6219 0.972621
6199 0.946945
6199 1.082494
6199 1.074564
6199 1.067013
6196 1.038318
6191 1.475921
6191 1.110811
6174 1.139884
6174 1.1716
6168 0.996408
6158 1.038318
6122 1.020949
6122 1.028501
6122 1.045492
6114 1.016419
6079 1.182549
6046 1.033787
6026 1.005092
6016 2.234082
6014 2.157058
6014 1.840277
6014 1.12818
6012 1.149701
6010 1.242961
6010 1.053421
6009 1.065502
6008 1.257308
6008 1.275809
6008 1.520475
6008 0.996785
6008 0.998673
6006 0.998295
6006 1.040961
6006 1.037185
6006 1.082871
6006 1.170467
6006 1.037563
6006 1.081738
6006 1.03945
6005 1.093065
5999 1.155742
5999 1.00698
5999 1.001693
5999 1.020572
5989 1.02397
5978 1.073054
5978 1.025102
5977 1.001693
5973 1.003203
5973 1.09231
5972 0.971488
5972 1.019439
5964 0.960915
5964 1.000561
5961 1.010755
5961 1.060217
5961 1.021327
5949 1.01302
5921 0.967334
5921 1.02246
5921 1.014154
5891 1.036053
5891 1.013776
5891 1.043981
5891 1.008112
5856 1.029256
5856 1.017174
5856 0.971866
5856 0.964692
5856 1.162538
5856 0.944302
5856 0.938639
5856 1.039451
5856 0.935997
5856 1.017174
5854 1.034542
5854 0.973376
5854 1.05191
5839 0.9696
5821 1.438164
5808 1.157252
5782 0.935996
5782 0.937506
5780 0.934863
5780 1.023214
5750 1.007357
5750 0.935996
5750 0.937129
5750 1.073432
5736 0.96658
5727 0.942037
5727 0.936374
5727 0.935997
5727 0.943547
5727 1.020194
5712 1.068901
5712 0.943171
5712 0.934486
5712 1.044359
5712 1.304127
5712 0.914853
5694 1.142149
5673 0.958273
5673 0.921271
5668 1.091555
5657 0.912209
5657 0.917873
5637 0.907678
5631 1.071544
5631 1.068901
5629 1.008868
5624 1.066258
5624 1.003582
5624 1.187458
5624 1.022837
5624 1.021327
5600 1.151589
5590 1.000938
5590 1.198785
5590 1.022082
5590 1.004714
5562 1.063615
5562 1.023592
5562 1.110434
5562 1.026235
5562 1.045114
5551 0.974131
5551 1.021705
5548 1.017174
5548 0.936373
5548 0.934108
5537 0.936751
5537 0.932221
5537 0.977907
5537 0.937507
5537 0.967712
5537 0.943547
5537 0.939772
5537 0.98206
5537 1.006224
5532 0.962048
5532 0.945435
5524 0.9477
5524 1.04889
5524 0.945813
5524 0.938261
5515 0.950344
5509 0.947324
5509 0.941282
5509 1.066636
5509 0.988478
5498 0.943548
5498 0.977906
5497 1.130067
5476 0.996407
5476 1.102505
5474 0.949589
5451 1.061727
5451 0.939394
5451 1.081361
5438 0.945813
5438 0.94468
5427 0.943548
5427 1.036807
5427 0.980549
5427 0.940527
5427 0.942415
5421 0.942037
5421 1.06588
5421 1.076075
5421 1.014908
5413 0.968089
5413 1.000938
5413 1.035297
5406 0.972243
5406 0.973753
5406 0.97262
5406 0.970355
5379 0.968467
5379 1.56465
5379 1.068901
5363 1.002071
5363 1.065502
5302 1.261461
5302 1.272034
5302 1.128934
5302 1.080228
5302 1.060972
5302 0.999806
5302 1.000938
5302 1.001694
5302 1.075697
5302 1.039072
5302 1.231633
5302 1.010377
5284 1.001315
5284 1.411735
5283 0.947701
5283 1.035297
5283 0.937884
5271 0.939772
5271 1.014153
5271 0.943925
5271 0.937129
5271 0.941659
5267 1.047379
5267 1.063237
5195 0.989611
5195 0.975264
5195 0.942037
5195 0.938639
5195 1.02246
5195 0.939016
5195 0.938261
5195 0.938262
5195 0.935996
5195 0.949212
5195 1.028501
5195 0.952987
5195 0.91372
5195 0.914097
5195 0.960916
5195 1.043226
5186 0.915229
5186 0.915607
5186 0.914097
5186 0.914853
5186 2.00452
5186 0.91976
5186 0.914853
5186 0.91674
5179 1.176508
5179 0.912964
5174 0.958273
5155 0.915985
5155 0.913342
5155 0.914853
5146 0.919006
5146 1.024348
5108 0.915229
5108 0.913719
5108 1.095708
5103 0.99905
5096 0.923537
5096 0.910699
5062 0.909188
5060 0.914475
5060 1.063237
5060 1.068524
5055 0.910322
5055 0.962048
5055 0.953365
5050 1.045869
5050 0.91523
5050 0.908433
5050 0.909189
5050 0.917118
5050 0.909188
5050 1.099106
5050 0.928067
5050 0.926934
5050 0.953365
5050 1.040961
5050 0.909189
5050 0.912209
5050 0.908811
5050 0.914097
5050 0.964313
5050 0.912587
5039 1.052665
5039 0.909944
5031 0.909567
5022 1.030389
4999 0.961293
4999 0.917495
4999 0.913342
4999 0.913342
4973 0.912965
4973 0.917118
4962 1.074942
4962 0.985458
4962 0.989611
4962 1.018306
4962 1.186325
4962 1.041338
4962 1.031143
4962 0.995275
4962 0.983948
4958 1.031144
4941 1.05191
4941 0.978284
4941 1.012643
4941 1.079095
4934 1.005469
4934 1.10779
4934 0.985835
4934 0.988478
4919 0.98206
4918 1.005469
4918 1.021327
4918 0.975642
4914 0.978284
4914 1.087401
4879 0.982438
4869 0.977906
4869 0.982438
4869 4.676961
4869 0.940904
4869 0.925047
4869 1.017552
4869 0.965446
4840 1.101749
4840 0.963558
4820 0.969977
4817 0.970355
4817 1.000561
4817 0.962048
4817 0.909944
4817 0.910321
4817 1.037563
4804 0.939017
4801 0.937506
4801 0.942792
4794 0.977529
4794 0.980927
4789 0.937129
4789 0.928822
4789 1.052665
4789 1.058707
4785 1.356232
4785 1.10175
4767 0.995652
4767 0.898994
4765 0.882759
4765 0.880871
4765 0.884646
4765 0.884269
4765 1.000183
4765 0.88578
4763 1.049267
4749 0.882003
4749 0.888045
4744 0.884269
4744 0.885779
4744 0.885025
4731 1.008868
4731 0.883892
4731 1.142904
4731 1.281473
4730 1.001316
4730 0.949589
4728 0.883891
4723 0.912964
4723 0.884646
4723 0.884646
4699 0.884647
4699 0.885779
4699 0.885402
4699 1.233144
4699 1.233144
4699 1.010378
4699 0.908433
4699 0.908811
4699 0.908056
4699 0.908433
4699 0.936751
4688 0.908056
4680 0.923914
4680 1.044358
4667 0.914097
4664 0.915985
4660 0.951099
4660 0.91372
4642 0.912209
4642 0.910321
4642 0.909944
4642 0.911454
4642 0.921648
4634 1.009245
4632 0.925047
4618 0.914097
4618 1.000183
4616 0.909944
4609 0.970355
4609 0.907301
4599 0.909566
4599 0.911832
4599 0.912586
4599 0.907301
4594 1.110056
4594 0.965825
4586 0.989611
4579 1.051155
4579 0.949211
4579 0.944681
4579 0.945813
4579 0.942414
4579 0.943925
4558 0.963936
4558 1.02095
4558 1.007734
4558 1.005846
4558 1.069278
4541 1.051533
4541 0.910321
4541 0.909944
4541 0.909189
4541 1.022082
4541 0.986213
4541 1.012266
4541 0.938262
4539 0.945813
4539 1.144793
4539 0.940904
4524 0.963182
4503 0.942415
4478 0.887667
4478 0.994142
4478 0.956763
4459 0.94468
4459 0.974886
4459 0.922781
4459 0.967334
4459 1.007735
4452 0.943925
4450 0.944303
4450 0.94468
4450 0.929955
4449 0.97904
4449 0.94166
4449 0.985836
4449 0.993009
4417 1.078718
4417 1.042093
4417 1.29431
4417 1.05191
4417 1.062483
4417 1.148945
4417 1.294688
4417 0.914474
4417 0.913719
4417 1.060217
4417 1.130445
4405 0.99754
4405 0.912587
4405 0.913719
4405 0.916362
4405 0.912587
4405 0.92618
4405 0.885401
4405 0.885402
4404 0.939394
4404 1.170845
4404 0.902015
4404 0.887667
4404 0.884269
4404 0.886913
4404 0.886912
4404 0.894464
4404 0.88729
4404 0.885779
4398 0.889555
4394 0.885402
4394 1.581263
4394 0.937506
4394 0.938639
4394 0.937129
4394 0.928067
4394 0.935241
4394 0.883892
4394 0.888045
4394 0.884647
4394 0.885024
4382 1.195009
4382 0.906546
4382 0.906923
4382 0.904658
4379 0.906168
4379 0.986968
4379 0.914474
4379 0.906924
4379 0.906546
4379 0.909944
4379 1.072677
4379 1.094198
4379 1.245981
4379 0.931088
4379 0.915985
4379 0.907301
4379 0.909189
4379 0.906169
4371 0.906546
4371 0.906923
4371 0.998295
4371 1.144415
4371 0.984325
4363 0.948078
4363 0.943925
4363 0.940904
4363 0.942415
4363 0.940905
4363 0.9292
4363 0.941659
4363 1.18708
4363 1.151589
4363 0.966957
4360 0.9696
4360 0.965447
4355 0.976396
4355 0.952609
4352 0.949967
4352 0.906923
4352 0.988101
4352 0.98206
4343 1.329802
4337 1.220307
4334 0.996785
4334 0.988478
4334 1.003958
4320 1.327914
4320 1.043981
4320 0.992632
4320 0.992254
4320 1.133465
4320 0.988856
4320 0.989988
4316 0.988478
4316 0.990743
4316 0.995275
4316 0.988478
4316 0.987346
4316 1.134976
4316 0.994519
4316 1.228613
4308 1.477809
4305 0.987346
4298 1.003958
4267 0.973753
4267 0.96016
4267 0.91825
4267 0.91825
4267 0.917495
4267 0.925801
4267 1.024725
4267 0.924669
4262 0.917873
4262 0.917495
4255 0.920138
4255 0.965447
4255 0.94015
4240 0.907678
4240 0.894841
4240 0.938639
4240 0.940149
4240 1.020194
4240 0.893708
4240 0.89031
4240 0.893331
4239 0.892198
4239 1.096086
4239 0.900127
4239 0.894841
4239 0.903525
4239 0.894086
4239 1.063237
4239 0.892953
4239 0.89182
4239 0.892199
4239 0.892198
4217 0.894086
4217 1.026613
4217 0.899372
4210 0.894086
4205 0.892953
4191 0.892575
4167 1.059839
4167 0.892198
4167 0.892953
4167 0.895219
4167 0.896729
4166 0.896351
4166 0.989988
4166 0.896729
4166 0.894841
4166 0.892953
4160 0.897106
4160 1.060216
4160 0.891443
4160 0.931843
4160 0.898239
4160 0.892576
4160 0.89182
4160 1.006979
4160 0.917495
4160 0.919761
4160 0.917872
4160 1.089667
4160 0.91825
4160 0.943548
4157 0.919006
4157 0.914475
4157 0.915985
4132 1.020572
4124 0.91976
4124 0.920516
4124 0.923159
4124 0.951099
4123 1.047379
4119 0.915985
4118 0.93071
4118 0.922026
4118 0.915607
4118 0.914097
4118 1.040206
4118 0.917873
4118 0.919005
4118 0.916363
4118 0.948456
4118 1.003958
4118 0.91825
4118 0.917118
4118 0.91674
4118 0.915985
4116 1.097596
4104 0.921271
4104 0.925802
4104 0.920139
4104 0.918251
4104 1.101749
4104 0.91825
4104 0.922781
4104 0.917118
4104 0.917118
4104 0.915608
4104 1.045114
4092 0.984325
4092 0.917118
4092 0.918251
4049 0.952987
4049 1.040583
4049 0.922404
4049 0.977529
4049 0.916363
4049 0.914852
4036 0.918628
4036 1.065125
4036 0.898617
4036 0.897862
4031 0.897862
4010 1.048889
4010 0.920138
4010 0.894086
3976 0.894841
3975 0.894841
3975 0.893708
3975 0.902392
3975 1.035297
3970 0.900127
3970 0.951854
3970 0.943547
3955 1.03492
3955 0.895974
3955 0.897484
3945 0.892575
3945 0.894086
3945 0.902015
3945 0.894841
3938 1.250512
3938 0.905791
3936 0.892199
3936 1.076075
3933 0.89182
3910 0.896729
3910 0.897484
3890 0.895219
3890 0.909189
3878 0.943925
3878 1.01151
3862 0.892576
3851 0.898616
3851 0.90579
3851 1.062105
3851 0.894086
3851 0.891065
3851 0.894841
3851 0.905413
3851 0.897107
3851 0.894841
3851 0.980171
3844 0.894841
3844 0.907301
3844 0.89182
3844 1.06437
3844 0.893331
