1,Barcel Takis Nitro Corn Snack,1,oz,30,0,2,2,0,0,0,0,0,0,0,0,0,0,0,0,0,9,2.5,0,0,0,0,17,2,0,0,0,0,0.72,8,0,0,0,46.5,0,0,0,0,0,0,0,0,0,0,0,0,0,0,0,0,0,H-E-B,1.49,4,Corn Chips
2,Hershey's Assorted Snack Size Party Mix,3,pieces,42,0,2,0,0,0,0,0,0,0,0,0,0,0,0,0,0,0,7,0,0,0,5,11,1,7,0,0,0,1.08,8,0,0,0,2.25,0,0,0,0,0,0,0,0,0,0,0,0,0,0,0,0,0,H-E-B,11.48,2,Candy
3,Stauffer's Iced Animal Cookies,9,cookie,29,0,2,2,0,0,0,0,0,0,0,0,0,0,0,0,0,3,0.5,0,0,0,0,22,1,8,0,0,0,0,16,0,0,0,14.25,0,0,0,0,0,0,0,0.8,0.4,0,0,0.48,0,0,0,0,0,H-E-B,1.97,14,Cookies
4,Voortman Flax Seed Omega 3 Cookies,1,cookie,23,0,2,2,0,0,0,0,0,0,0,0,0,0,0,0,0,4,0.5,1.5,1.5,0,0,14,1,6,0,0,0,0,16,0,0,0,16.5,0,0,0,0,0,0,0,0,0,0,0,0,0,0,0,0,0,H-E-B,2.98,18,Family Cookies
5,La Molienda Granola,0, ,0,0,0,0,0,0,0,0,0,0,0,0,0,0,0,0,0,0,0,0,0,0,0,0,0,0,0,0,0,0,0,0,0,0,0,0,0,0,0,0,0,0,0,0,0,0,0,0,0,0,0,0,H-E-B,3.39,0,Candy
6,Detour Simple Salted Caramel Cookie Dough Whey Protein Bar,0, ,0,0,2,10,0,0,0,0,0,0,0,0,0,0,0,0,0,4,2,0,0,0,10,11,3,4,0,0,0,0.54,0,0,140,1200,16.5,0,0,0,0,0,0,0,0.8,0,0,0,0,0,0,0,0,0,H-E-B,5,0,Protein and Energy Bars
7,Barcel Takis Crunchy Fajita Taco Flavored Corn Snack,14,pieces,28,0,2,2,0,0,0,0,0,0,0,0,0,0,0,0,0,8,2.5,0,0,0,0,16,2,0,0,0,0,0.72,8,0,0,0,39,0,0,0,0,0,0,0,0,0,0,0,0,0,0,0,0,0,H-E-B,2.33,10,Corn Chips
8,See's Candies Gourmet Assorted Lollypops 12 Pieces,1,lollypop,20,0,2,0,0,0,0,0,0,0,0,0,0,0,0,0,0,3,2,0,0,0,10,15,0,9,0,0,0,0,0,0,0,0,6,0,0,0,0,0,0.03,0,0,0,0,0,0,0,0,0,0,0,H-E-B,10.63,12,Candy
9,Ravi Pinata Mix Assorted Candies,0, ,0,0,0,0,0,0,0,0,0,0,0,0,0,0,0,0,0,0,0,0,0,0,0,0,0,0,0,0,0,0,0,0,0,0,0,0,0,0,0,0,0,0,0,0,0,0,0,0,0,0,0,0,H-E-B,8.99,0,Candy
10,Galerie Assorted Disney Girls Embossed Valentine Hearts,0, ,0,0,0,0,0,0,0,0,0,0,0,0,0,0,0,0,0,0,0,0,0,0,0,0,0,0,0,0,0,0,0,0,0,0,0,0,0,0,0,0,0,0,0,0,0,0,0,0,0,0,0,0,H-E-B,3.97,0,Candy
11,Voortman Fudgy Delicious Chocolatey Coated Wafer Cookies,3,cookies,30,0,2,1,0,0,0,0,0,0,0,0,0,0,0,0,0,9,3.5,0,0,0,0,20,0,0,0,0,0,0,8,0,0,0,3.75,0,0,0,0,0,0,0,0,0,0,0,0,0,0,0,0,0,H-E-B,2.78,5,Sugar Free and Healthier Cookies
12,Kind Pressed Bar Mango Apple Chia,1,bar,35,0,2,1,0,0,0,0,0,0,0,0,0,0,0,0,0,0.5,0,0,0,0,0,31,3,21,0,0,0,1.08,16,0,0,3240,10.5,0,0,0,0,0,0.12,0,0,0,0,0,0,0,8,0,0,0,H-E-B,2,0,Protein and Energy Bars
13,Entenmann's Pop'ems Powdered Donuts,0, ,0,0,0,0,0,0,0,0,0,0,0,0,0,0,0,0,0,0,0,0,0,0,0,0,0,0,0,0,0,0,0,0,0,0,0,0,0,0,0,0,0,0,0,0,0,0,0,0,0,0,0,0,H-E-B,2.98,0,Snack Cakes
14,Clif Whey Protein Bar Salted Caramel Cashew,1,bar,56,0,2,14,0,0,0,0,0,0,0,0,0,0,0,0,0,11,3,6,1,0,20,26,3,5,0,0,0,0.72,32,80,280,4080,30,0,0,0,0,0,0,0,0,0,0,0,0,0,0,0,0,0,H-E-B,3,0,Protein and Energy Bars
15,Little Debbie Big Pack Honey Buns,1,pastry,66,0,2,3,0,0,0,0,0,0,0,0,0,0,0,0,0,16,7,0,0,0,5,32,1,16,0,0,0,1.8,24,0,0,0,31.5,0,0,0,0,0,0,0,0,0,0,0,0,0,0,0,0,0,H-E-B,3.5,9,Snack Cakes
16,Tastykake Glazed Honey Bun,1,honey,142,0,2,7,0,0,0,0,0,0,0,0,0,0,0,0,0,31,17,10,2.5,0,0,70,3,30,0,0,0,2.7,80,0,0,0,67.5,0,0,0,0,0,0,0,0,0,0,0,0,0,0,0,0,0,H-E-B,1,1,Snack Cakes
17,Milky Way Bites Unwrapped Sharing Size Candy Bars,0.5,pack,40,0,2,2,0,0,0,0,0,0,0,0,0,0,0,0,0,7,5,0,0,0,10,28,0,24,0,0,0,0.72,8,0,0,0,9,0,0,0,0,0,0.045,0,0,0,0,0,0,0,0,0,0,0,H-E-B,1.37,2,Candy
18,Fiber One Layered Chewy Bars Salted Caramel Dark Chocolate,1,bar,36,0,2,2,0,0,0,0,0,0,0,0,0,0,0,0,0,4,2,0,0,0,0,27,7,8,0,0,0,0.36,8,0,0,0,22.5,0,0,0,0,0,0,0,0,0,0,0,0,0,0,0,0,0,H-E-B,2.98,5,Snack Bars
19,Cocomels Dark Chocolate Covered Sea Salt,0, ,0,0,0,0,0,0,0,0,0,0,0,0,0,0,0,0,0,0,0,0,0,0,0,0,0,0,0,0,0,0,0,0,0,0,0,0,0,0,0,0,0,0,0,0,0,0,0,0,0,0,0,0,H-E-B,2,0,Candy
20,Lehi Valley Trading Chocolate Almonds,0, ,0,0,0,0,0,0,0,0,0,0,0,0,0,0,0,0,0,0,0,0,0,0,0,0,0,0,0,0,0,0,0,0,0,0,0,0,0,0,0,0,0,0,0,0,0,0,0,0,0,0,0,0,H-E-B,7.36,0,Candy
21,Funyuns Onion Flavored Rings,0, ,0,0,2,1,0,0,0,0,0,0,0,0,0,0,0,0,0,4.5,0.5,0,0,0,0,12,1,1,0,0,0,0,8,0,0,0,31.5,0,0,0,0,0,0,0.102,0.4,0,0,0,0,0,0,0,0,0,H-E-B,3.98,0,Variety Pack Chips
22,Whitman's Assorted Chocolates Sampler Heart,3,pieces,45,0,2,2,0,0,0,0,0,0,0,0,0,0,0,0,0,10,6,0,0,0,5,30,1,25,0,0,0,0.72,16,0,0,0,9,0,0,0,0,0,0.03,0,0,0,0,0,0,0,0,0,0,0,H-E-B,9.97,8,Candy
23,Tastykake Rich Frosted Mini Donuts,1,package,94,0,2,4,0,0,0,0,0,0,0,0,0,0,0,0,0,25,16,4.5,2.5,0,5,51,2,26,0,0,0,0.72,100,0,0,0,49.5,0,0,0,0,0,0,0,0,0,0,0,0,0,0,0,0,0,H-E-B,1,1,Snack Cakes
24,Enjoy Life Cinnamon Bun Soft Baked Bars,1,bar,34,0,2,1,0,0,0,0,0,0,0,0,0,0,0,0,0,4,2,0,0,0,0,23,1,11,0,0,0,0.36,24,0,0,0,6.75,0,0,0,0,0,0,0,0,0,0,0,0,0,0,0,0,0,H-E-B,4.99,5,Snack Bars
25,H-E-B Hijole Flavored Cheese Puffs,15,pieces,28,0,2,1,0,0,0,0,0,0,0,0,0,0,0,0,0,10,3,2.5,3.5,0,0,14,0,1,0,0,0,0,0,0,0,0,72,0,0,0,0,0,0,0,0,0,0,0,0,0,0,0,0,0,H-E-B,1.98,10,Pork Rinds and Other Chips
26,Mrs Baird's Rich Frosted Donuts,1,package,92,0,2,5,0,0,0,0,0,0,0,0,0,0,0,0,0,23,14,0,0,0,25,47,2,27,0,0,0,0.72,40,0,0,0,58.5,0,0,0,0,0,0,0,0,0,0,0,0,0,0,0,0,0,H-E-B,1,1,Snack Cakes
27,Godiva Milk Chocolate Foil Wrapped Bunnies,0, ,0,0,0,0,0,0,0,0,0,0,0,0,0,0,0,0,0,0,0,0,0,0,0,0,0,0,0,0,0,0,0,0,0,0,0,0,0,0,0,0,0,0,0,0,0,0,0,0,0,0,0,0,H-E-B,3,0,Candy
28,Starburst GummiBursts Flavor Duos Liquid Filled Gummies Bag,9,pieces,40,0,2,2,0,0,0,0,0,0,0,0,0,0,0,0,0,0,0,0,0,0,0,31,0,22,0,0,0,0,0,0,0,0,3.75,0,0,0,0,0,0,0,0,0,0,0,0,0,0,0,0,0,H-E-B,1.98,4,Candy
29,Tostitos Cantina Roasted Garlic Thick &amp; Chunky Salsa,2,tbsp,35,0,2,1,0,0,0,0,0,0,0,0,0,0,0,0,0,0,0,0,0,0,0,2,1,1,0,0,0,0,0,0,0,0,34.5,0,0,0,0,0,0.09,0,0,0,0,0,0,0,8,0,0,0,H-E-B,3.48,13,Dips
30,Russell Stover Nut Chewy And Crisp Centers Assorted Fine Chocolates,2,pieces,33,0,2,2,0,0,0,0,0,0,0,0,0,0,0,0,0,8,4.5,0,0,0,5,21,1,16,0,0,0,0.72,16,0,0,0,6,0,0,0,0,0,0,0,0,0,0,0,0,0,0,0,0,0,H-E-B,9.99,10,Candy
31,Clif Organic Nut Butter Filled Chocolate Peanut Butter Bar,1,bar,50,0,2,7,0,0,0,0,0,0,0,0,0,0,0,0,0,11,2.5,0,0,0,0,26,3,9,0,0,0,0.36,32,100,350,3840,24,0,0,0,0,0,0,0,0,0,0,0,0,0,0,0,8,0,H-E-B,4.89,4,Protein and Energy Bars
32,Lucas Gusano Liquid Tamarindo Flavored Candy,1,package,36,0,2,0,0,0,0,0,0,0,0,0,0,0,0,0,0,0,0,0,0,0,0,3,0,1,0,0,0,0,0,0,0,0,118.5,0,0,0,0,0,0.06,0,0,0,0,0,0,0,60,0,0,0,H-E-B,3,10,Candy
33,Kind Pressed Bar Pineapple Banana Kale Spinach,1,bar,35,0,2,1,0,0,0,0,0,0,0,0,0,0,0,0,0,0,0,0,0,0,0,27,2.5,18,0,0,0,0.36,16,0,0,2040,6.75,0,0,0,0,0,0,0,0,0,0,0,0,0,24,0,0,0,H-E-B,2,0,Protein and Energy Bars
34,H-E-B Pretzels Covered In Greek Yogurt,7,pieces,38,0,2,3,0,0,0,0,0,0,0,0,0,0,0,0,0,8,7,0,0,0,5,25,0,15,0,0,0,0,8,0,0,0,34.5,0,0,0,0,0,0,0,0,0,0,0,0,0,0,0,0,0,H-E-B,3.98,4.5,Candy
35,Trident Unwrapped Original Pouch,0, ,0,0,0,0,0,0,0,0,0,0,0,0,0,0,0,0,0,0,0,0,0,0,0,0,0,0,0,0,0,0,0,0,0,0,0,0,0,0,0,0,0,0,0,0,0,0,0,0,0,0,0,0,H-E-B,3.88,0,Candy
36,Lily's Stevia Sweetened Original Dark Chocolate,40,grams,40,0,2,2,0,0,0,0,0,0,0,0,0,0,0,0,0,14,9,0,0,0,5,22,12,1,0,0,0,0,120,0,0,0,0.75,0,0,0,0,0,0,0,0,0,0,0,0,0,0,0,0,0,H-E-B,4.48,2,Candy
37,Fritos Flavor Twists Honey BBQ Flavored Corn Chips,1,oz,28,0,2,2,0,0,0,0,0,0,0,0,0,0,0,0,0,9,1.5,2.5,5,0,0,16,1,1,0,0,0,0.36,8,40,70,1440,27,0,0,0,0,0,0,0,0,0,0,0,0,0,0,0,3.2,0,H-E-B,1.69,4,Corn Chips
38,Coffee House Cafe the Original Iced Lemon Pound Cake,0, ,0,0,2,6,0,0,0,0,0,0,0,0,0,0,0,0,0,15,5,0,0,0.5,95,76,1,48,0,0,0,1.08,60,0,0,0,61.5,0,0,0,0,0,0.03,0,0,0,0,0,0,0,8,0,0,0,H-E-B,1.58,0,Snack Cakes
39,Sun-Maid California Peaches, Dried Halves,0.25,cup,40,0,2,2,0,0,0,0,0,0,0,0,0,0,0,0,0,0,0,0,0,0,0,26,4,17,0,0,0,0.36,32,0,0,9840,0,0,0,0,0,0,0,0,0,0,0,0,0,0,16,0,0,0,H-E-B,3.48,4,Dried Fruits and Nuts
40,Hill Country Fare Virginia Style Salted Peanuts,0.25,cup,28,0,2,7,0,0,0,0,0,0,0,0,0,0,0,0,0,14,2,0,0,0,0,5,2,0,0,0,0,0.36,8,0,0,0,26.25,0,0,0,0,0,0,0,0,0,0,0,0,0,0,0,0,0,H-E-B,1.98,7,Dried Fruits and Nuts
41,Eating Evolved Dark Chocolate Mint Creme Coconut Butter Cups,0, ,0,0,0,0,0,0,0,0,0,0,0,0,0,0,0,0,0,0,0,0,0,0,0,0,0,0,0,0,0,0,0,0,0,0,0,0,0,0,0,0,0,0,0,0,0,0,0,0,0,0,0,0,H-E-B,2.49,0,Candy
42,Russell Stover Assorted Mini Hearts Gusset Bag,0, ,0,0,0,0,0,0,0,0,0,0,0,0,0,0,0,0,0,0,0,0,0,0,0,0,0,0,0,0,0,0,0,0,0,0,0,0,0,0,0,0,0,0,0,0,0,0,0,0,0,0,0,0,H-E-B,7.97,0,Candy
43,Hill Country Fare Fruit &amp; Grain Mixed Berry,1,bar,37,0,2,1,0,0,0,0,0,0,0,0,0,0,0,0,0,3,0,0,0,0,0,25,3,11,0,0,0,2.7,40,0,0,0,17.25,0.16,0,0,0,0,0.15,0.425,4,2,0,0,0.6,0,0,0,0,0,H-E-B,1.98,8,Snack Bars
44,Cocomels Dark Chocolate Covered Espresso,0, ,0,0,0,0,0,0,0,0,0,0,0,0,0,0,0,0,0,0,0,0,0,0,0,0,0,0,0,0,0,0,0,0,0,0,0,0,0,0,0,0,0,0,0,0,0,0,0,0,0,0,0,0,H-E-B,2,0,Candy
45,See's Candies Assorted Little Pops,0, ,0,0,0,0,0,0,0,0,0,0,0,0,0,0,0,0,0,0,0,0,0,0,0,0,0,0,0,0,0,0,0,0,0,0,0,0,0,0,0,0,0,0,0,0,0,0,0,0,0,0,0,0,H-E-B,5.83,0,Candy
46,Lay's Stax Bacon And Cheddar Potato Skins Flavored Potato Crisps,12,crisps,28,0,2,1,0,0,0,0,0,0,0,0,0,0,0,0,0,9,2.5,0,0,0,0,15,1,1,0,0,0,0,0,0,0,4080,27,0,0,0,0,0,0,0,0,0,0,0,0,0,8,0,0,0,H-E-B,1.18,6,Potato Chips
47,Pringles Pizza Baked Crispy Stix 8 CT,1,pack,17.4,0,2,2,0,0,0,0,0,0,0,0,0,0,0,0,0,3.5,1.5,0,0,0,5,10,0,1,0,0,0,0,0,0,0,0,22.5,0,0,0,0,0,0,0,0,0,0,0,0,0,0,0,0,0,H-E-B,2.68,8,Party Snacks
48,H-E-B Chocolate covered Ginger,0, ,0,0,0,0,0,0,0,0,0,0,0,0,0,0,0,0,0,0,0,0,0,0,0,0,0,0,0,0,0,0,0,0,0,0,0,0,0,0,0,0,0,0,0,0,0,0,0,0,0,0,0,0,H-E-B,8.59,0,Candy
49,Little Debbie Powdered Donuts,6,donuts,80,0,2,3,0,0,0,0,0,0,0,0,0,0,0,0,0,17,9,5,2,0,25,44,1,23,0,0,0,0.36,24,0,0,2160,51,0,0,0,0,0,0,0,0,0,0,0,0,0,0,0,0,0,H-E-B,1,1,Snack Cakes
50,Bimbo Rebanadas Frosted Toast,1,piece,55,0,2,3,0,0,0,0,0,0,0,0,0,0,0,0,0,11,6,4,1,0,0,37,0,17,0,0,0,0.36,32,0,0,0,30,0.16,0,0,0,0,0,0.17,1.2,0.8,0,0,0.6,0,0,0,0,0,H-E-B,1.34,2,Snack Cakes
51,H-E-B Ranch Flavored Tortilla Chips,14,chips,28,0,2,2,0,0,0,0,0,0,0,0,0,0,0,0,0,8,1,2,4.5,0,0,17,1,1,0,0,0,0.36,16,0,0,1440,25.5,0,0,0,0,0,0.03,0,0,0,0,0,0,0,0,0,0,0,H-E-B,1.98,11,Tortilla Chips
52,Hostess Donettes Mini Powdered Donuts,6,donuts,85,0,2,3,0,0,0,0,0,0,0,0,0,0,0,0,0,18,9,0,0,0,15,44,1,23,0,0,0,0.36,40,0,0,0,46.5,0,0,0,0,0,0,0,0,0,0,0,0,0,0,0,0,0,H-E-B,1,1,Snack Cakes
53,Lay's Stax Buffalo Wings With Ranch Flavored Potato Crisps,12,crisps,28,0,2,1,0,0,0,0,0,0,0,0,0,0,0,0,0,8,2.5,0,0,0,0,16,1,1,0,0,0,0,0,0,0,4080,27,0,0,0,0,0,0,0,0,0,0,0,0,0,8,0,0,0,H-E-B,1.18,6,Potato Chips
54,Hostess Star Spangled Cupcakes,0, ,0,0,0,0,0,0,0,0,0,0,0,0,0,0,0,0,0,0,0,0,0,0,0,0,0,0,0,0,0,0,0,0,0,0,0,0,0,0,0,0,0,0,0,0,0,0,0,0,0,0,0,0,H-E-B,2.97,0,Snack Cakes
55,Little Secrets Dark Chocolate Salted Peanut,14,pieces,40,0,2,4,0,0,0,0,0,0,0,0,0,0,0,0,0,12,4.5,0,0,0,0,23,3,18,0,0,0,0.36,60,0,0,0,14.25,0,0,0,0,0,0,0,0,0,0,0,0,0,0,0,0,0,H-E-B,3.99,3.5,Candy
56,Hill Country Fare Mixed Nuts With 70% Peanuts,0.25,cup,28,0,2,7,0,0,0,0,0,0,0,0,0,0,0,0,0,15,2.5,8,4.5,0,0,5,3,1,0,0,0,0.36,16,0,0,4800,12,0,0,0,0,0,0,0,0,0,0,0,0,0,0,0,0,0,H-E-B,1,3,Dried Fruits and Nuts
57,Lindt Lindor Assorted Egg Pouch,0, ,0,0,0,0,0,0,0,0,0,0,0,0,0,0,0,0,0,0,0,0,0,0,0,0,0,0,0,0,0,0,0,0,0,0,0,0,0,0,0,0,0,0,0,0,0,0,0,0,0,0,0,0,H-E-B,3.48,0,Candy
58,Russell Stover Assorted Chocolates Box,3,pieces,47,0,2,2,0,0,0,0,0,0,0,0,0,0,0,0,0,9,6,0,0,0,5,33,1,26,0,0,0,0.72,16,0,0,0,10.5,0,0,0,0,0,0.03,0,0,0,0,0,0,0,0,0,0,0,H-E-B,4.99,3.5,Candy
59,H-E-B Honey Roasted Peanuts,21,pieces,41,0,2,5,0,0,0,0,0,0,0,0,0,0,0,0,0,14,5,0,0,0,0,18,2,14,0,0,0,0.72,16,0,0,3600,5.25,0,0,0,0,0,0,0,0,0,0,0,0,0,0,0,0,0,H-E-B,3.98,6,Candy
60,Cape Cod Original Reduced Fat Kettle Potato Chips 8 Pack,1,package,21.3,0,2,2,0,0,0,0,0,0,0,0,0,0,0,0,0,4.5,0,2.5,1,0,0,14,1,0,0,0,0,0,0,0,0,0,9.75,0,0,0,0,0,0,0,0,0,0,0,0,0,60,0,0,0,H-E-B,3.99,8,Variety Pack Chips
61,SunRidge Farms Roasted and Glazed Pecans,0, ,0,0,0,0,0,0,0,0,0,0,0,0,0,0,0,0,0,0,0,0,0,0,0,0,0,0,0,0,0,0,0,0,0,0,0,0,0,0,0,0,0,0,0,0,0,0,0,0,0,0,0,0,H-E-B,13.99,0,Dried Fruits and Nuts
62,Jack Link's Premium Cuts Teriyaki Beef Jerky,1,package,42,0,2,21,0,0,0,0,0,0,0,0,0,0,0,0,0,1.5,0.5,0,0,0,30,8,0,7,0,0,0,0,40,0,0,0,135,0,0,0,0,0,0,0,0,0,0,0,0,0,0,0,0,0,H-E-B,2.99,1,Jerky
63,Chex Mix Popped Movie Theater Butter Snack Mix,0, ,0,0,0,0,0,0,0,0,0,0,0,0,0,0,0,0,0,0,0,0,0,0,0,0,0,0,0,0,0,0,0,0,0,0,0,0,0,0,0,0,0,0,0,0,0,0,0,0,0,0,0,0,H-E-B,2.98,0,Pork Rinds and Other Chips
64,Russell Stover Chocolate Covered Nuts Assortment Box,3,pieces,39,0,2,4,0,0,0,0,0,0,0,0,0,0,0,0,0,16,5,0,0,0,5,17,2,13,0,0,0,1.08,24,0,0,0,2.25,0,0,0,0,0,0.03,0,0,0,0,0,0,0,0,0,0,0,H-E-B,9.99,7,Candy
65,Little Debbie Mini Glazed Donuts,4,donuts,60,0,2,2,0,0,0,0,0,0,0,0,0,0,0,0,0,11,6,3,1.5,0,15,35,1,21,0,0,0,0.72,24,0,0,1440,36,0,0,0,0,0,0,0,0,0,0,0,0,0,0,0,0,0,H-E-B,1.86,5,Snack Cakes
66,Whitman's Assorted Together Hearts with Chocolates,0, ,0,0,0,0,0,0,0,0,0,0,0,0,0,0,0,0,0,0,0,0,0,0,0,0,0,0,0,0,0,0,0,0,0,0,0,0,0,0,0,0,0,0,0,0,0,0,0,0,0,0,0,0,H-E-B,7.97,0,Candy
67,Lay's Stax Sour Cream &amp; Onion Flavored Potato Crisps,1,oz,28,0,2,2,0,0,0,0,0,0,0,0,0,0,0,0,0,8,2,0,0,0,0,17,1,1,0,0,0,0,0,0,0,4320,28.5,0,0,0,0,0,0,0,0,0,0,0,0,0,8,0,0,0,H-E-B,1.18,6,Potato Chips
68,Brach's Speckled Jelly Bird Eggs,0, ,0,0,0,0,0,0,0,0,0,0,0,0,0,0,0,0,0,0,0,0,0,0,0,0,0,0,0,0,0,0,0,0,0,0,0,0,0,0,0,0,0,0,0,0,0,0,0,0,0,0,0,0,H-E-B,1.98,0,Candy
69,H-E-B Kettle Cooked Salt &amp; Pepper Potato Chips,14,chips,28,0,2,2,0,0,0,0,0,0,0,0,0,0,0,0,0,8,1,6,1,0,0,17,1,0,0,0,0,0,8,0,0,10080,24,0,0,0,0,0,0,0,0,0,0,0,0,0,40,0,0,0,H-E-B,1.98,8,Potato Chips
70,Russell Stover The Gift Box, Assorted Milk &amp; Dark Chocolates,3,pieces,45,0,2,2,0,0,0,0,0,0,0,0,0,0,0,0,0,9,5,0,0,0,5,31,1,26,0,0,0,0.72,16,0,0,0,9.75,0,0,0,0,0,0,0,0,0,0,0,0,0,0,0,0,0,H-E-B,9.99,11,Candy
71,Duvalin Bi Sabor Strawberry And Vanilla Flavored Candy,1,piece,15,0,2,0,0,0,0,0,0,0,0,0,0,0,0,0,0,4,1.5,0,0,0,0,10,0,10,0,0,0,0,8,0,0,0,0.75,0,0,0,0,0,0,0,0,0,0,0,0,0,0,0,0,0,H-E-B,2.08,18,Candy
72,Concord Candy Blox Assorted Fruit Flavors,0, ,0,0,0,0,0,0,0,0,0,0,0,0,0,0,0,0,0,0,0,0,0,0,0,0,0,0,0,0,0,0,0,0,0,0,0,0,0,0,0,0,0,0,0,0,0,0,0,0,0,0,0,0,H-E-B,3.99,0,Candy
73,Nabisco Ritz Toasted Corn Chips Original,0, ,0,0,0,0,0,0,0,0,0,0,0,0,0,0,0,0,0,0,0,0,0,0,0,0,0,0,0,0,0,0,0,0,0,0,0,0,0,0,0,0,0,0,0,0,0,0,0,0,0,0,0,0,H-E-B,2.94,0,Corn Chips
74,Central Market Kettle Cooked Waffle Cut Sea Salt Potato Chips,13,chips,28,0,2,2,0,0,0,0,0,0,0,0,0,0,0,0,0,8,1.5,0,0,0,0,16,1,0,0,0,0,0,8,0,0,0,27,0,0,0,0,0,0,0,0,0,0,0,0,0,40,0,0,0,H-E-B,2,7,Potato Chips
75,Tastykake Powdered Sugar Mini Donuts,1,package,85,0,2,4,0,0,0,0,0,0,0,0,0,0,0,0,0,18,9,6,2.5,0,5,47,2,23,0,0,0,0.72,40,0,0,0,51,0,0,0,0,0,0,0,0,0,0,0,0,0,0,0,0,0,H-E-B,1,1,Snack Cakes
76,Whitman's Assorted Romantic Rose Photo Heart with Chocolates,3,pieces,47,0,2,2,0,0,0,0,0,0,0,0,0,0,0,0,0,8,5,0,0,0,5,33,1,27,0,0,0,0.72,16,0,0,0,9.75,0,0,0,0,0,0.03,0,0,0,0,0,0,0,0,0,0,0,H-E-B,19.97,14,Candy
77,Little Debbie Glazed Donuts,6,donuts,87,0,2,4,0,0,0,0,0,0,0,0,0,0,0,0,0,15,8,4.5,2,0,20,51,1,31,0,0,0,1.44,24,0,0,1920,49.5,0,0,0,0,0,0,0,0,0,0,0,0,0,0,0,0,0,H-E-B,1,1,Snack Cakes
78,Jelly Belly Sport Beans Energizing Assorted Jelly Beans,1,package,28,0,2,0,0,0,0,0,0,0,0,0,0,0,0,0,0,0,0,0,0,0,0,25,0,17,0,0,0,0,0,0,0,960,12,0,0,0,0,0,0,0.17,2,1,0,0,0,0,40,0,0,0,H-E-B,4,1,Protein and Energy Bars
79,Eating Evolved Primal Chocolate Crunchy Caramel,0, ,0,0,0,0,0,0,0,0,0,0,0,0,0,0,0,0,0,0,0,0,0,0,0,0,0,0,0,0,0,0,0,0,0,0,0,0,0,0,0,0,0,0,0,0,0,0,0,0,0,0,0,0,H-E-B,3.99,0,Candy
80,Russell Stover Assorted Chalkboard Hearts with Chocolates,0, ,0,0,0,0,0,0,0,0,0,0,0,0,0,0,0,0,0,0,0,0,0,0,0,0,0,0,0,0,0,0,0,0,0,0,0,0,0,0,0,0,0,0,0,0,0,0,0,0,0,0,0,0,H-E-B,7.97,0,Candy
81,Voortman Sugar Free Oatmeal Flaxseed Cookies,0, ,0,0,0,0,0,0,0,0,0,0,0,0,0,0,0,0,0,0,0,0,0,0,0,0,0,0,0,0,0,0,0,0,0,0,0,0,0,0,0,0,0,0,0,0,0,0,0,0,0,0,0,0,H-E-B,2.58,0,Sugar Free and Healthier Cookies
82,Little Secrets Dark Chocolate Toasted Coconut,24,pieces,40,0,2,1,0,0,0,0,0,0,0,0,0,0,0,0,0,10,8,0,0,0,0,27,1,23,0,0,0,0.36,40,0,0,0,3.75,0,0,0,0,0,0,0,0,0,0,0,0,0,0,0,0,0,H-E-B,3.99,3.5,Candy
83,H-E-B Dips Caramelized Sweet &amp; Savory Onion,2,tbsp,33,0,2,1,0,0,0,0,0,0,0,0,0,0,0,0,0,4.5,1,0,0,0,5,3,0,1,0,0,0,0.36,0,0,0,0,31.5,0,0,0,0,0,0,0,0,0,0,0,0,0,0,0,0,0,H-E-B,2.48,13,Dips
84,Kellogg's Barbie Fruit Flavored Snacks,1,pouch,22,0,2,1,0,0,0,0,0,0,0,0,0,0,0,0,0,0,0,0,0,0,0,17,0,11,0,0,0,0,0,0,0,0,0,0,0,0,0,0,0,0,0,0,0,0,0,0,400,0,0,0,H-E-B,3.94,22,Snack Bars
85,SunRidge Farms Organic Yogurt Covered Apricots,0, ,0,0,0,0,0,0,0,0,0,0,0,0,0,0,0,0,0,0,0,0,0,0,0,0,0,0,0,0,0,0,0,0,0,0,0,0,0,0,0,0,0,0,0,0,0,0,0,0,0,0,0,0,H-E-B,7.99,0,Candy
86,Awake Caffeinated Milk Chocolate Candy Bar,1,bar,44,0,2,2,0,0,0,0,0,0,0,0,0,0,0,0,0,12,7,0,0,0,5,29,1,27,0,0,0,1.08,24,0,0,0,5.25,0,0,0,0,0,0,0,0,0,0,0,0,0,0,0,0,0,H-E-B,1.79,1,Candy
87,H-E-B Buffalo Wing Ridged Potato Chips,12,chips,28,0,2,1,0,0,0,0,0,0,0,0,0,0,0,0,0,9,2.5,1.5,4.5,0,0,16,1,0,0,0,0,0,8,0,0,3840,45,0,0,0,0,0,0,0,0,0,0,0,0,0,16,0,0,0,H-E-B,1.98,11,Potato Chips
88,Ruffles Queso Cheese Flavored Potato Chips,11,chips,28,0,2,2,0,0,0,0,0,0,0,0,0,0,0,0,0,10,1.5,0,0,0,0,15,1,1,0,0,0,0,8,40,0,7920,34.5,0,0,0,0,0,0.06,0.068,0,0.4,0,0,0,0,40,0,4.8,0,H-E-B,2.98,9,Potato Chips
89,Jelly Belly Fun Pack - Assorted, Sours &amp; Kids Mix,0, ,0,0,0,0,0,0,0,0,0,0,0,0,0,0,0,0,0,0,0,0,0,0,0,0,0,0,0,0,0,0,0,0,0,0,0,0,0,0,0,0,0,0,0,0,0,0,0,0,0,0,0,0,H-E-B,7.97,0,Candy
90,Lily's Salted Almond and Milk Chocolate Bar,0, ,0,0,0,0,0,0,0,0,0,0,0,0,0,0,0,0,0,0,0,0,0,0,0,0,0,0,0,0,0,0,0,0,0,0,0,0,0,0,0,0,0,0,0,0,0,0,0,0,0,0,0,0,H-E-B,4.48,0,Candy
91,The Toasted Oat Granola White Chocolate Macadamia,0, ,0,0,0,0,0,0,0,0,0,0,0,0,0,0,0,0,0,0,0,0,0,0,0,0,0,0,0,0,0,0,0,0,0,0,0,0,0,0,0,0,0,0,0,0,0,0,0,0,0,0,0,0,H-E-B,7.99,0,Cereal
92,H-E-B Lokitos Hijole Rolled Tortilla Chips,12,chips,28,0,2,2,0,0,0,0,0,0,0,0,0,0,0,0,0,8,1.5,3.5,2.5,0,0,16,2,0,0,0,0,0.36,8,0,0,0,63,0,0,0,0,0,0,0,0,0,0,0,0,0,8,0,0,0,H-E-B,1,4,Tortilla Chips
93,Little Debbie Frosted Fudge Cakes,0, ,0,0,2,2,0,0,0,0,0,0,0,0,0,0,0,0,0,9,4.5,0,0,0,5,26,1,19,0,0,0,0,24,0,0,0,18.75,0,0,0,0,0,0,0,0,0,0,0,0,0,0,0,0,0,H-E-B,2.16,0,Snack Cakes
94,Central Market Veggie &amp; Seed Blend Tortilla Chips,14,chips,28,0,2,2,0,0,0,0,0,0,0,0,0,0,0,0,0,7,1,0,0,0,0,18,2,1,0,0,0,0.36,16,0,0,0,7.5,0,0,0,0,0,0.09,0,0,0,0,0,0,0,0,0,0,0,H-E-B,2.98,12,Tortilla Chips
95,Wise Food Truck Favorites Korean Barbeque Flavored Potato Chips,1,oz,28,0,2,2,0,0,0,0,0,0,0,0,0,0,0,0,0,9,2,0,0,0,0,14,1,1,0,0,0,0,8,0,0,0,39,0,0,0,0,0,0,0,0,0,0,0,0,0,40,0,0,0,H-E-B,2,8,Potato Chips
96,See's Candies Assorted Chocolates,0, ,0,0,0,0,0,0,0,0,0,0,0,0,0,0,0,0,0,0,0,0,0,0,0,0,0,0,0,0,0,0,0,0,0,0,0,0,0,0,0,0,0,0,0,0,0,0,0,0,0,0,0,0,H-E-B,20.93,0,Candy
97,Black Forest Organic Mixed Fruit Hard Candy,0, ,0,0,0,0,0,0,0,0,0,0,0,0,0,0,0,0,0,0,0,0,0,0,0,0,0,0,0,0,0,0,0,0,0,0,0,0,0,0,0,0,0,0,0,0,0,0,0,0,0,0,0,0,H-E-B,1.89,0,Candy
98,Green &amp; Blacks Green & Black Pure Assorted Chocolate Bag,4,pieces,40,0,2,2,0,0,0,0,0,0,0,0,0,0,0,0,0,19,11,0,0,0,5,18,1,15,0,0,0,0,16,0,0,0,13.5,0,0,0,0,0,0,0,0,0,0,0,0,0,0,0,0,0,H-E-B,4.49,3,Candy
99,EPIC Pulled Pork Pineapple Bar,1,bar,43,0,2,15,0,0,0,0,0,0,0,0,0,0,0,0,0,5,3,0,0,0,20,5,0,3,0,0,0,0,8,0,0,0,43.5,0,0,0,0,0,0,0,0,0,0,0,0,0,0,0,0,0,H-E-B,2,1,Protein and Energy Bars
100,Russell Stover Sugar Free Coconut &amp; Almonds Covered In Dark Chocolate,3,pieces,37,0,2,2,0,0,0,0,0,0,0,0,0,0,0,0,0,10,6,0,0,0,0,22,2,0,0,0,0,0.36,24,0,0,0,5.25,0,0,0,0,0,0,0,0,0,0,0,0,0,0,0,0,0,H-E-B,1.87,2.5,Candy
101,Doritos Dinamita Fiery Habanero Flavored Rolled Tortilla Chips,15,pieces,28,0,2,2,0,0,0,0,0,0,0,0,0,0,0,0,0,8,1,0,0,0,0,16,1,0,0,0,0,0,0,0,0,0,25.5,0,0,0,0,0,0.03,0,0,0,0,0,0,0,0,0,0,0,H-E-B,2,9,Tortilla Chips
102,SunRidge Farms Cinnamon Frosted Star Cookie,0, ,0,0,0,0,0,0,0,0,0,0,0,0,0,0,0,0,0,0,0,0,0,0,0,0,0,0,0,0,0,0,0,0,0,0,0,0,0,0,0,0,0,0,0,0,0,0,0,0,0,0,0,0,H-E-B,6.49,0,Cookies
103,Galerie Red Star Wars Lightsaber Lollipop,0, ,0,0,0,0,0,0,0,0,0,0,0,0,0,0,0,0,0,0,0,0,0,0,0,0,0,0,0,0,0,0,0,0,0,0,0,0,0,0,0,0,0,0,0,0,0,0,0,0,0,0,0,0,H-E-B,2,0,Candy
104,Galerie Star Wars Candy Filled Character Easter Eggs,0, ,0,0,0,0,0,0,0,0,0,0,0,0,0,0,0,0,0,0,0,0,0,0,0,0,0,0,0,0,0,0,0,0,0,0,0,0,0,0,0,0,0,0,0,0,0,0,0,0,0,0,0,0,H-E-B,5.98,0,Candy
105,Wonka Golden Egg Hunt Assorted Candies in Plastic Eggs,1,box,39,0,2,0,0,0,0,0,0,0,0,0,0,0,0,0,0,2,1.5,0,0,0,0,30,0,19,0,0,0,0,0,0,0,0,7.5,0,0,0,0,0,0,0,0,0,0,0,0,0,0,0,0,0,H-E-B,3.98,2,Candy
106,Russell Stover Assorted Creams Fine Chocolates,3,pieces,47,0,2,2,0,0,0,0,0,0,0,0,0,0,0,0,0,8,5,0,0,0,5,34,1,30,0,0,0,0.36,16,0,0,0,11.25,0,0,0,0,0,0.03,0,0,0,0,0,0,0,0,0,0,0,H-E-B,9.99,7,Candy
107,Boulder Canyon Kettle Cooked Pineapple Habanero Chips,0, ,0,0,0,0,0,0,0,0,0,0,0,0,0,0,0,0,0,0,0,0,0,0,0,0,0,0,0,0,0,0,0,0,0,0,0,0,0,0,0,0,0,0,0,0,0,0,0,0,0,0,0,0,H-E-B,2,0,Potato Chips
108,H-E-B Hijole Crinkle Cut Kettle Cooked Potato Chips,13,chips,28,0,2,2,0,0,0,0,0,0,0,0,0,0,0,0,0,8,2,1.5,3.5,0,0,16,1,0,0,0,0,0,8,0,0,8400,51,0,0,0,0,0,0,0,0,0,0,0,0,0,40,0,0,0,H-E-B,1.98,9,Potato Chips
109,Sara Lee Cheese Topped Crumb Cake,1,cake,59,0,2,2,0,0,0,0,0,0,0,0,0,0,0,0,0,12,4,3.5,3.5,0,20,34,0,20,0,0,0,0.36,0,0,0,0,37.5,0,0,0,0,0,0.06,0,0,0,0,0,0,0,0,0,0,0,H-E-B,2.98,6,Snack Cakes
110,Bimbo Donas Sugared Donuts,2,pieces,55,0,2,3,0,0,0,0,0,0,0,0,0,0,0,0,0,12,6,4,1.5,0,15,30,0,14,0,0,0,1.8,40,0,0,0,42,0,0,0,0,0,0,0.17,1.6,0.8,0,0,0.48,0,0,0,0,0,H-E-B,2.78,6,Snack Cakes
111,Skittles Starburst And Skittles Candy Filled Eggs,0, ,0,0,0,0,0,0,0,0,0,0,0,0,0,0,0,0,0,0,0,0,0,0,0,0,0,0,0,0,0,0,0,0,0,0,0,0,0,0,0,0,0,0,0,0,0,0,0,0,0,0,0,0,H-E-B,5.98,0,Candy
112,Bimbo Multigrain Sunflower Seed Girasol,0, ,0,0,0,0,0,0,0,0,0,0,0,0,0,0,0,0,0,0,0,0,0,0,0,0,0,0,0,0,0,0,0,0,0,0,0,0,0,0,0,0,0,0,0,0,0,0,0,0,0,0,0,0,H-E-B,2.98,0,Mexican
113,Lundberg Organic Brown Rice Lightly Salted Rice Cakes,1,cake,19,0,2,1,0,0,0,0,0,0,0,0,0,0,0,0,0,0.5,0,0,0,0,0,14,1,0,0,0,0,0,8,0,0,0,5.25,0,0,0,0,0,0,0,0,0,0,0,0,0,0,0,0,0,H-E-B,3.18,13,Popcorn and Rice Cakes
114,Marinela Pastitas Butter Flavored Cookies,3,cookie,28,0,2,1,0,0,0,0,0,0,0,0,0,0,0,0,0,8,5,2.5,0.5,0,5,18,0,6,0,0,0,0.36,16,0,0,0,8.25,0,0,0,0,0,0,0.068,0.4,0.2,0,0,0.36,0,0,0,0,0,H-E-B,1.34,4,Snack Cakes
115,Whitman's Assorted Musical Hearts with Chocolates,0, ,0,0,0,0,0,0,0,0,0,0,0,0,0,0,0,0,0,0,0,0,0,0,0,0,0,0,0,0,0,0,0,0,0,0,0,0,0,0,0,0,0,0,0,0,0,0,0,0,0,0,0,0,H-E-B,9.97,0,Candy
116,H-E-B Taco Flavored Tortilla Chips,14,chips,28,0,2,2,0,0,0,0,0,0,0,0,0,0,0,0,0,8,1,2,4.5,0,0,17,1,0,0,0,0,0.36,16,0,0,1920,25.5,0,0,0,0,0,0.06,0,0,0,0,0,0,0,0,0,0,0,H-E-B,1.98,11,Tortilla Chips
117,Entenmann's Little Bites Strawberry Yogurt flavored Muffins,1,pouch,47,0,2,2,0,0,0,0,0,0,0,0,0,0,0,0,0,8,1.5,2,4,0,20,27,0,17,0,0,0,1.8,8,0,0,0,22.5,0,0,0,0,0,0,0,0,0,0,0,0,0,0,2.7,0,0,H-E-B,2.98,5,Snack Cakes
118,H-E-B Kettle Cooked Mesquite Barbeque Potato Chips,14,chips,28,0,2,2,0,0,0,0,0,0,0,0,0,0,0,0,0,8,1,6,1,0,0,17,1,0,0,0,0,0,8,0,0,10080,27,0,0,0,0,0,0,0,0,0,0,0,0,0,40,0,0,0,H-E-B,1.98,8,Potato Chips
119,H-E-B Hijole Ridged Potato Chips,12,chips,28,0,2,1,0,0,0,0,0,0,0,0,0,0,0,0,0,9,2.5,1.5,4.5,0,0,15,1,0,0,0,0,0,8,0,0,3840,51,0,0,0,0,0,0,0,0,0,0,0,0,0,16,0,0,0,H-E-B,1.98,11,Potato Chips
120,Pangburn's Sugar Free Millionaires Pecan And Caramel Covered In Chocolate Candy,1,piece,23,0,2,1,0,0,0,0,0,0,0,0,0,0,0,0,0,8,4,0,0,0,0,13,2,0,0,0,0,0,8,0,0,0,3.75,0,0,0,0,0,0,0,0,0,0,0,0,0,0,0,0,0,H-E-B,9.99,11,Candy
121,Entenmann's Pop'ems Rich Chocolate Frosted Donuts,0, ,0,0,0,0,0,0,0,0,0,0,0,0,0,0,0,0,0,0,0,0,0,0,0,0,0,0,0,0,0,0,0,0,0,0,0,0,0,0,0,0,0,0,0,0,0,0,0,0,0,0,0,0,H-E-B,2.98,0,Snack Cakes
122,Cape Cod Aged White Cheddar &amp; Sour Cream Potato Chips,1,oz,28,0,2,1,0,0,0,0,0,0,0,0,0,0,0,0,0,8,0.5,0,0,0,0,17,1,1,0,0,0,0,8,0,0,0,36,0,0,0,0,0,0,0,0,0,0,0,0,0,80,0,0,0,H-E-B,2,8,Potato Chips
123,Quaker Breakfast Squares Baked Apple Cinnamon,1,bar,60,0,2,3,0,0,0,0,0,0,0,0,0,0,0,0,0,4.5,1.5,2,1,0,0,41,5,13,0,0,0,0,16,0,0,2880,21,0,0,0,0,0,0,0,0,0,0,0,0,0,0,0,0,0,H-E-B,3.28,5,Snack Bars
124,Voortman Assorted Festive Cookies,1,cookie,22,0,2,1,0,0,0,0,0,0,0,0,0,0,0,0,0,4,1,0,0,0,0,16,0,7,0,0,0,0,8,0,0,0,12,0,0,0,0,0,0,0,0,0,0,0,0,0,0,0,0,0,H-E-B,2.68,14,Family Cookies
125,Bimbo Donas Sugared Donut,2,pieces,55,0,2,3,0,0,0,0,0,0,0,0,0,0,0,0,0,12,6,4,1.5,0,15,30,0,14,0,0,0,1.8,40,0,0,0,42,0,0,0,0,0,0,0.17,1.6,0.8,0,0,0.48,0,0,0,0,0,H-E-B,1.34,2,Snack Cakes
126,Central Market Organics Soy and Flaxseed Tortilla Chips,7,chips,28,0,2,6,0,0,0,0,0,0,0,0,0,0,0,0,0,8,1,0,0,0,0,14,5,0,0,0,0,0.36,24,0,0,6000,7.5,0,0,0,0,0,0,0,0,0,0,0,0,0,0,0,0,0,H-E-B,2.98,12,Tortilla Chips
127,Galerie Star Wars Assorted Embossed Heart Boxes with Assorted Candies,0, ,0,0,0,0,0,0,0,0,0,0,0,0,0,0,0,0,0,0,0,0,0,0,0,0,0,0,0,0,0,0,0,0,0,0,0,0,0,0,0,0,0,0,0,0,0,0,0,0,0,0,0,0,H-E-B,3.99,0,Candy
128,Nabisco Ritz Toasted Corn Chips Salsa Verde,0, ,0,0,0,0,0,0,0,0,0,0,0,0,0,0,0,0,0,0,0,0,0,0,0,0,0,0,0,0,0,0,0,0,0,0,0,0,0,0,0,0,0,0,0,0,0,0,0,0,0,0,0,0,H-E-B,2.94,0,Corn Chips
129,Whitman's Sampler Assorted Chocolates,4,pieces,50,0,2,2,0,0,0,0,0,0,0,0,0,0,0,0,0,11,8,0,0,0,5,34,1,28,0,0,0,0.72,16,0,0,0,13.5,0,0,0,0,0,0.03,0,0,0,0,0,0,0,0,0,0,0,H-E-B,1.47,0,Candy
130,H-E-B Kettle Cooked Jalapeno Potato Chips,1,oz,28,0,2,2,0,0,0,0,0,0,0,0,0,0,0,0,0,8,3,0,0,0,0,15,1,1,0,0,0,0,24,0,0,0,49.5,0,0,0,0,0,0.12,0,0,0,0,0,0,0,60,0,0,0,H-E-B,0.79,1.5,Potato Chips
131,Cheetos Puffs Cheese Flavored Snacks,13,pieces,28,0,2,2,0,0,0,0,0,0,0,0,0,0,0,0,0,10,1.5,0,0,0,0,13,1,1,0,0,0,0.36,8,0,0,0,45,0,0,0,0,0,0,0.136,0.8,0.4,0,0,0,0,0,0,0,0,H-E-B,1.69,3.5,Pork Rinds and Other Chips
132,Cape Cod Kettle Cooked Sweet Mesquite Barbeque Potato Chips,18,chips,28,0,2,2,0,0,0,0,0,0,0,0,0,0,0,0,0,8,0.5,0,0,0,0,17,1,1,0,0,0,0,0,0,0,0,28.5,0,0,0,0,0,0.06,0,0,0,0,0,0,0,32,0,0,0,H-E-B,2,8,Potato Chips
133,El Milagro Totopos Thick Salted Chips,0, ,0,0,0,0,0,0,0,0,0,0,0,0,0,0,0,0,0,0,0,0,0,0,0,0,0,0,0,0,0,0,0,0,0,0,0,0,0,0,0,0,0,0,0,0,0,0,0,0,0,0,0,0,H-E-B,3.29,0,Tortilla Chips
134,Hershey's Milk Chocolate Covered Marshmallow Eggs,1,piece,26,0,2,1,0,0,0,0,0,0,0,0,0,0,0,0,0,3,2,0,0,0,0,19,0,15,0,0,0,0.36,0,0,0,0,2.25,0,0,0,0,0,0,0,0,0,0,0,0,0,0,0,0,0,H-E-B,3.98,6,Candy
135,Dubble Bubble Egg Shaped Bubble Gum, Carton,1,piece,4,0,2,0,0,0,0,0,0,0,0,0,0,0,0,0,0,0,0,0,0,0,0,4,0,4,0,0,0,0,0,0,0,0,0,0,0,0,0,0,0,0,0,0,0,0,0,0,0,0,0,0,H-E-B,0.98,28,Candy
136,Smarties Assorted Flavors Candy Rolls Value Bag,1,roll,7,0,2,0,0,0,0,0,0,0,0,0,0,0,0,0,0,0,0,0,0,0,0,6,0,6,0,0,0,0,0,0,0,0,0,0,0,0,0,0,0,0,0,0,0,0,0,0,0,0,0,0,H-E-B,2.28,52,Candy
137,Cape Cod Kettle Cooked Potato Chips Sweet &amp; Spicy Jalapeno,1,oz,28,0,2,2,0,0,0,0,0,0,0,0,0,0,0,0,0,7,0.5,0,0,0,0,18,1,1,0,0,0,0,8,0,0,0,27,0,0,0,0,0,0,0,0,0,0,0,0,0,40,0,0,0,H-E-B,1.49,2.5,Potato Chips
138,Reese's Miniatures Peanut Butter Cups Assorted Bag,5,pieces,44,0,2,5,0,0,0,0,0,0,0,0,0,0,0,0,0,14,6,0,0,0,5,24,1,20,0,0,0,1.44,8,0,0,0,22.5,0,0,0,0,0,0,0,0,0,0,0,0,0,0,0,0,0,H-E-B,9.98,2,Candy
139,Voortman Nutty Delicious Chocolatey Coated Peanut Butter Creme Wafer Cookies,3,cookies,30,0,2,2,0,0,0,0,0,0,0,0,0,0,0,0,0,8,3.5,0,0,0,0,20,0,0,0,0,0,0,8,0,0,0,7.5,0,0,0,0,0,0,0,0,0,0,0,0,0,0,0,0,0,H-E-B,2.78,5,Sugar Free and Healthier Cookies
140,Nestle Assorted Halloween Chocolate Fun Size Candy Bars,0, ,0,0,0,0,0,0,0,0,0,0,0,0,0,0,0,0,0,0,0,0,0,0,0,0,0,0,0,0,0,0,0,0,0,0,0,0,0,0,0,0,0,0,0,0,0,0,0,0,0,0,0,0,H-E-B,15.88,0,Candy
141,Cheetos Crunchy Flamin' Hot Cheese Flavored Snacks 50 CT,0, ,0,0,0,0,0,0,0,0,0,0,0,0,0,0,0,0,0,0,0,0,0,0,0,0,0,0,0,0,0,0,0,0,0,0,0,0,0,0,0,0,0,0,0,0,0,0,0,0,0,0,0,0,H-E-B,14.98,0,Variety Pack Chips
142,Hostess Twinkies Fudge Covered The Chocodile,0, ,0,0,0,0,0,0,0,0,0,0,0,0,0,0,0,0,0,0,0,0,0,0,0,0,0,0,0,0,0,0,0,0,0,0,0,0,0,0,0,0,0,0,0,0,0,0,0,0,0,0,0,0,H-E-B,2.97,0,Snack Cakes
143,Whitman's Sampler Box, Assorted Chocolates,3,pieces,35,0,2,2,0,0,0,0,0,0,0,0,0,0,0,0,0,9,5,0,0,0,5,21,1,17,0,0,0,0.72,16,0,0,0,6.75,0,0,0,0,0,0.03,0,0,0,0,0,0,0,0,0,0,0,H-E-B,10.99,10,Candy
144,Kellogg's Super Mario Assorted Fruit Flavored Snacks,1,pouch,22,0,2,1,0,0,0,0,0,0,0,0,0,0,0,0,0,0,0,0,0,0,0,17,0,11,0,0,0,0,0,0,0,0,0,0,0,0,0,0,0,0,0,0,0,0,0,0,400,0,0,0,H-E-B,2,10,Snack Bars
145,Welch's Mixed Fruit Fruit Snacks,25.5,g,25.5,0,2,1,0,0,0,0,0,0,0,0,0,0,0,0,0,0,0,0,0,0,0,19,0,11,0,0,0,0,0,0,0,240,1.5,0,0,0,0,0,0.375,0,0,0,0,0,0,0,400,0,20,0,H-E-B,2,10,Snack Bars
146,H-E-B Select Ingredients Mexican Street Corn Flavored Tortilla Chips,14,chips,28,0,2,0,0,0,0,0,0,0,0,0,0,0,0,0,0,0,0,0,0,0,0,0,0,0,0,0,0,7.2,4,0,0,0,0,0,0,0,0,0,0,0,0,0,0,0,0,0,0,0,0,0,H-E-B,1.98,2,Tortilla Chips
147,Peeps Milk Chocolate Dipped Chocolate Mousse Marshmallow Chicks,3,chicks,42,0,2,1,0,0,0,0,0,0,0,0,0,0,0,0,0,3.5,2,0,0,0,0,32,0,30,0,0,0,0.36,8,0,0,0,2.25,0,0,0,0,0,0,0,0,0,0,0,0,0,0,0,0,0,H-E-B,1.68,1,Candy
148,Brach's Strawberry Filled Hard Candy,0, ,0,0,0,0,0,0,0,0,0,0,0,0,0,0,0,0,0,0,0,0,0,0,0,0,0,0,0,0,0,0,0,0,0,0,0,0,0,0,0,0,0,0,0,0,0,0,0,0,0,0,0,0,H-E-B,3.98,0,Candy
149,Brookside Blueberry Flavored Candy Covered in Dark Chocolate,1.4,oz,40,0,2,1,0,0,0,0,0,0,0,0,0,0,0,0,0,8,5,0,0,0,0,28,1,23,0,0,0,0,32,0,0,0,8.25,0,0,0,0,0,0,0,0,0,0,0,0,0,0,0,0,0,H-E-B,8.98,15,Candy
150,La Molienda Mango Flavored Candy with Red Pepper,0, ,0,0,0,0,0,0,0,0,0,0,0,0,0,0,0,0,0,0,0,0,0,0,0,0,0,0,0,0,0,0,0,0,0,0,0,0,0,0,0,0,0,0,0,0,0,0,0,0,0,0,0,0,H-E-B,1.29,0,Candy
151,Russell Stover Sugar Free Assorted Fruit Hard Candies,3,pieces,17,0,2,0,0,0,0,0,0,0,0,0,0,0,0,0,0,0,0,0,0,0,0,17,0,0,0,0,0,0,0,0,0,0,0,0,0,0,0,0,0,0,0,0,0,0,0,0,0,0,0,0,H-E-B,1.87,6,Candy
152,Marinela Pinguinos Cream Filled Chocolate Cup Cake,2,pieces,80,0,2,3,0,0,0,0,0,0,0,0,0,0,0,0,0,12,4.5,5,2,0,40,49,1,36,0,0,0,2.7,32,0,0,0,48,0,0,0,0,0,0,0.034,2,0.2,0,0,0.12,0,0,0,0,0,H-E-B,1.38,1,Snack Cakes
153,Lehi Valley Trading Assorted Jordan Almonds,0, ,0,0,0,0,0,0,0,0,0,0,0,0,0,0,0,0,0,0,0,0,0,0,0,0,0,0,0,0,0,0,0,0,0,0,0,0,0,0,0,0,0,0,0,0,0,0,0,0,0,0,0,0,H-E-B,6.79,0,Candy
154,Fiber One Cheesecake Bar, Salted Caramel,1,bar,38,0,2,2,0,0,0,0,0,0,0,0,0,0,0,0,0,6,3.5,0,0,0,15,24,5,10,0,0,0,0.36,0,0,0,0,19.5,0,0,0,0,0,0.03,0,0,0,0,0,0,0,0,0,0,0,H-E-B,2.44,5,Snack Bars
155,Lily's Stevia Sweetened Almond Dark Chocolate,40,grams,40,0,2,3,0,0,0,0,0,0,0,0,0,0,0,0,0,15,8,0,0,0,5,20,11,1,0,0,0,0.36,100,0,0,0,0.75,0,0,0,0,0,0,0,0,0,0,0,0,0,0,0,0,0,H-E-B,4.48,2,Candy
156,Galerie Star Wars Assorted Candy Dispenser,0, ,0,0,0,0,0,0,0,0,0,0,0,0,0,0,0,0,0,0,0,0,0,0,0,0,0,0,0,0,0,0,0,0,0,0,0,0,0,0,0,0,0,0,0,0,0,0,0,0,0,0,0,0,H-E-B,3.98,0,Candy
157,Tootsie Roll Reusable Bank Filled with Bite Size Midgees,0, ,0,0,0,0,0,0,0,0,0,0,0,0,0,0,0,0,0,0,0,0,0,0,0,0,0,0,0,0,0,0,0,0,0,0,0,0,0,0,0,0,0,0,0,0,0,0,0,0,0,0,0,0,H-E-B,0.98,0,Candy
158,H-E-B Select Ingredients Unsalted Restaurant Style White Corn Tortilla Chips,12,chips,26,0,2,2,0,0,0,0,0,0,0,0,0,0,0,0,0,8,1,2,4.5,0,0,18,1,0,0,0,0,0,16,0,0,1680,0,0,0,0,0,0,0,0,0,0,0,0,0,0,0,0,0,0,H-E-B,1.98,14,Tortilla Chips
159,Piedmont Candy Red Bird Soft Peppermint Puffs,0, ,0,0,0,0,0,0,0,0,0,0,0,0,0,0,0,0,0,0,0,0,0,0,0,0,0,0,0,0,0,0,0,0,0,0,0,0,0,0,0,0,0,0,0,0,0,0,0,0,0,0,0,0,H-E-B,1,0,Candy
160,Melster Candies Chocolatey Covered Marshmallow Snowmen,0, ,0,0,0,0,0,0,0,0,0,0,0,0,0,0,0,0,0,0,0,0,0,0,0,0,0,0,0,0,0,0,0,0,0,0,0,0,0,0,0,0,0,0,0,0,0,0,0,0,0,0,0,0,H-E-B,1.25,0,Candy
161,Hell On The Red Hot-N-Spicy Cheese Dip,2,tbsp,32,0,2,1,0,0,0,0,0,0,0,0,0,0,0,0,0,1,0.5,0,0,0,0,3,0,1,0,0,0,0,0,0,0,0,15,0,0,0,0,0,0,0,0,0,0,0,0,0,0,0,0,0,H-E-B,2.28,14,Dips
162,Little Debbie Creme Filled Chocolate Cupcakes,2,cupcakes,105,0,2,4,0,0,0,0,0,0,0,0,0,0,0,0,0,17,5,4,7,0,70,66,2,44,0,0,0,1.44,40,0,0,4320,49.5,0,0,0,0,0,0,0,0,0,0,0,0,0,0,0,0,0,H-E-B,1,1,Snack Cakes
163,Whitman's Individually Wrapped Assorted Chocolates,3,pieces,43,0,2,4,0,0,0,0,0,0,0,0,0,0,0,0,0,12,6,0,0,0,5,17,1,14,0,0,0,0.72,16,0,0,0,13.5,0,0,0,0,0,0,0,0,0,0,0,0,0,0,0,0,0,H-E-B,5.99,2,Candy
164,Whitman's Sampler Box, Assorted Chocolates,3,pieces,35,0,2,2,0,0,0,0,0,0,0,0,0,0,0,0,0,9,5,0,0,0,5,20,1,17,0,0,0,0.72,16,0,0,0,6,0,0,0,0,0,0.03,0,0,0,0,0,0,0,0,0,0,0,H-E-B,10.99,10,Candy
165,Lucas Cucumber Flavored With Chili Powder Lollipop,0, ,0,0,0,0,0,0,0,0,0,0,0,0,0,0,0,0,0,0,0,0,0,0,0,0,0,0,0,0,0,0,0,0,0,0,0,0,0,0,0,0,0,0,0,0,0,0,0,0,0,0,0,0,H-E-B,3,0,Candy
166,Nestle Crunch NestEggs Creamy Milk Chocolate With Crisped Rice,7,pieces,43,0,2,2,0,0,0,0,0,0,0,0,0,0,0,0,0,11,7,0,0,0,5,28,1,24,0,0,0,0.72,0,0,0,0,8.25,0,0,0,0,0,0,0,0,0,0,0,0,0,0,0,0,0,H-E-B,2.98,6,Candy
167,Little Debbie Frosted Donuts,6,donuts,90,0,2,4,0,0,0,0,0,0,0,0,0,0,0,0,0,24,14,6,2.5,0,20,47,1,26,0,0,0,0.36,40,0,0,2760,45,0,0,0,0,0,0,0,0,0,0,0,0,0,0,0,0,0,H-E-B,1,1,Snack Cakes
168,Kadunks Chewy Candy With Super Sour Candy Dip, Assorted Flavors,0, ,0,0,0,0,0,0,0,0,0,0,0,0,0,0,0,0,0,0,0,0,0,0,0,0,0,0,0,0,0,0,0,0,0,0,0,0,0,0,0,0,0,0,0,0,0,0,0,0,0,0,0,0,H-E-B,1.62,0,Candy
169,Cape Cod Kettle Cooked Potato Chips Sea Salt &amp; Vinegar,1,oz,28,0,2,2,0,0,0,0,0,0,0,0,0,0,0,0,0,7,0.5,0,0,0,0,19,1,0,0,0,0,0,8,0,0,0,39,0,0,0,0,0,0,0,0,0,0,0,0,0,40,0,0,0,H-E-B,1.49,2.5,Potato Chips
170,H-E-B Select Ingredients City Street Nuts Hill Country Pumpkin Spiced Pecans,10,pieces,30,0,2,1,0,0,0,0,0,0,0,0,0,0,0,0,0,9,1,0,0,0,0,20,1,18,0,0,0,0,8,0,0,1200,9,0,0,0,0,0,0,0,0,0,0,0,0,0,0,0,0,0,H-E-B,4.98,7,Dried Fruits and Nuts
171,Marinela Gansito Red Velvet Limited Edition,0, ,0,0,0,0,0,0,0,0,0,0,0,0,0,0,0,0,0,0,0,0,0,0,0,0,0,0,0,0,0,0,0,0,0,0,0,0,0,0,0,0,0,0,0,0,0,0,0,0,0,0,0,0,H-E-B,2.98,0,Snack Cakes
172,Lucas Sweet 'n Sour Chamoy Flavored Powder Candy,0, ,0,0,0,0,0,0,0,0,0,0,0,0,0,0,0,0,0,0,0,0,0,0,0,0,0,0,0,0,0,0,0,0,0,0,0,0,0,0,0,0,0,0,0,0,0,0,0,0,0,0,0,0,H-E-B,3,0,Candy
173,Ring Pop Twisted Blue Raspberry Watermelon,0, ,0,0,2,0,0,0,0,0,0,0,0,0,0,0,0,0,0,0,0,0,0,0,0,14,0,11,0,0,0,0,0,0,0,0,8.25,0,0,0,0,0,0,0,0,0,0,0,0,0,0,0,0,0,H-E-B,0.77,0,Candy
174,See's Candies Assorted Peppermints,0, ,0,0,0,0,0,0,0,0,0,0,0,0,0,0,0,0,0,0,0,0,0,0,0,0,0,0,0,0,0,0,0,0,0,0,0,0,0,0,0,0,0,0,0,0,0,0,0,0,0,0,0,0,H-E-B,10.63,0,Candy
175,Pepperidge Farm Soft Baked, Mystic Sugar Cookies,0, ,0,0,2,2,0,0,0,0,0,0,0,0,0,0,0,0,0,5,2.5,1.5,0.5,0,10,22,0,11,0,0,0,0,16,0,0,0,13.5,0,0,0,0,0,0,0,0,0,0,0,0,0,0,0,0,0,H-E-B,2.98,0,Family Cookies
176,Peeps Dark Chocolate Dipped Marshmallow Chicks,0, ,0,0,0,0,0,0,0,0,0,0,0,0,0,0,0,0,0,0,0,0,0,0,0,0,0,0,0,0,0,0,0,0,0,0,0,0,0,0,0,0,0,0,0,0,0,0,0,0,0,0,0,0,H-E-B,1.68,0,Candy
177,Mrs Baird's Powdered Sugar Donuts,1,package,85,0,2,4,0,0,0,0,0,0,0,0,0,0,0,0,0,15,7,0,0,0,25,48,1,26,0,0,0,0.72,32,0,0,0,57,0,0,0,0,0,0,0,0,0,0,0,0,0,0,0,0,0,H-E-B,1,1,Snack Cakes
178,H-E-B Jalapeno Flavored Tortilla Chips,14,chips,28,0,2,2,0,0,0,0,0,0,0,0,0,0,0,0,0,8,1,2,4.5,0,0,16,1,1,0,0,0,0,16,0,0,1680,46.5,0,0,0,0,0,0.06,0,0,0,0,0,0,0,0,0,0,0,H-E-B,0.75,2.5,Tortilla Chips
179,H-E-B Milk Chocolate Covered Peanuts,0, ,0,0,0,0,0,0,0,0,0,0,0,0,0,0,0,0,0,0,0,0,0,0,0,0,0,0,0,0,0,0,0,0,0,0,0,0,0,0,0,0,0,0,0,0,0,0,0,0,0,0,0,0,H-E-B,4.99,0,Candy
180,Cracker Jack The Original  Caramel Coated Popcorn &amp; Peanuts,1,oz,28,0,2,2,0,0,0,0,0,0,0,0,0,0,0,0,0,2,0,0,0,0,0,23,1,15,0,0,0,0,16,0,0,0,10.5,0,0,0,0,0,0,0,0,0,0,0,0,0,0,0,0,0,H-E-B,1.88,9,Popcorn and Rice Cakes
181,M&amp;M's Speckled Milk Chocolate Egg Candies,1.5,oz,42,0,2,2,0,0,0,0,0,0,0,0,0,0,0,0,0,9,5,0,0,0,5,30,1,27,0,0,0,0.72,8,0,0,0,4.5,0,0,0,0,0,0.045,0,0,0,0,0,0,0,0,0,0,0,H-E-B,2.88,7,Candy
182,Gratify Gluten Free Sesame Seed Pretzel Thins,15,pretzels,30,0,2,2,0,0,0,0,0,0,0,0,0,0,0,0,0,8,0.5,0,0,0,0,18,1,1,0,0,0,0,0,0,0,0,57,0,0,0,0,0,0,0,0,0,0,0,0,0,0,0,0,0,H-E-B,3.97,10,Pretzels
183,Lindt Classic Recipe Salted Pretzel Bar,10,squares,40,0,2,3,0,0,0,0,0,0,0,0,0,0,0,0,0,12,7,0,0,0,5,23,1,19,0,0,0,1.8,8,0,0,0,21,0,0,0,0,0,0.03,0,0,0,0,0,0,0,0,0,0,0,H-E-B,2.68,3,Candy
184,Duvalin Strawberry And Vanilla Flavored Candy 18 Pieces,0, ,0,0,2,0,0,0,0,0,0,0,0,0,0,0,0,0,0,4.5,1.5,0,0,0,0,10,0,9,0,0,0,0.36,8,0,0,0,0.75,0,0,0,0,0,0,0,0,0,0,0,0,0,0,0,0,0,H-E-B,2.08,0,Candy
185,Mighty Malts Speckled Malted Milk Eggs,0, ,0,0,0,0,0,0,0,0,0,0,0,0,0,0,0,0,0,0,0,0,0,0,0,0,0,0,0,0,0,0,0,0,0,0,0,0,0,0,0,0,0,0,0,0,0,0,0,0,0,0,0,0,H-E-B,1.99,0,Candy
186,Kit Kat Miniatures Assorted Crisp Wafers Candy Bars Party Bag,5,pieces,43,0,2,3,0,0,0,0,0,0,0,0,0,0,0,0,0,11,8,0,0,0,5,28,1,20,0,0,0,1.08,8,0,0,0,4.5,0,0,0,0,0,0,0,0,0,0,0,0,0,0,0,0,0,H-E-B,9.98,24,Candy
187,Jiffy Pop Butter Flavored Popcorn,2,tbsp,34,0,2,3,0,0,0,0,0,0,0,0,0,0,0,0,0,7,1.5,0,0,3,0,19,3,0,0,0,0,0,24,0,0,0,33,0,0,0,0,0,0,0,0,0,0,0,0,0,0,0,0,0,H-E-B,1.48,3.5,Popcorn and Rice Cakes
188,Blue Diamond Lightly Salted Almonds,28,nuts,28,0,2,6,0,0,0,0,0,0,0,0,0,0,0,0,0,16,1,0,0,0,0,5,3,1,0,0,0,1.44,24,200,0,4560,6,0,0,0,0,0,0,0,0,0,0,0,0,0,0,0,28,0,H-E-B,8.98,16,Dried Fruits and Nuts
189,Elmer Chocolate Rose Bouquet Heart with Assorted Chocolates,0, ,0,0,0,0,0,0,0,0,0,0,0,0,0,0,0,0,0,0,0,0,0,0,0,0,0,0,0,0,0,0,0,0,0,0,0,0,0,0,0,0,0,0,0,0,0,0,0,0,0,0,0,0,H-E-B,3,0,Candy
190,H-E-B Nacho Cheese Flavored Tortilla Chips,14,chips,28,0,2,2,0,0,0,0,0,0,0,0,0,0,0,0,0,8,1,2,4.5,0,0,17,1,1,0,0,0,0.36,16,0,0,1920,31.5,0,0,0,0,0,0,0,0,0,0,0,0,0,0,0,0,0,H-E-B,1.98,11,Tortilla Chips
191,Cape Cod Kettle Cooked Potato Chips With Sweet Mesquite Barbeque,1,oz,28,0,2,2,0,0,0,0,0,0,0,0,0,0,0,0,0,6,0.5,3.5,1.5,0,0,18,1,1,0,0,0,0,16,0,0,0,22.5,0,0,0,0,0,0,0,0,0,0,0,0,0,80,0,0,0,H-E-B,2,8,Potato Chips
192,Voortman Iced Almonette Cookies,1,cookie,20,0,2,1,0,0,0,0,0,0,0,0,0,0,0,0,0,4.5,1,0,0,0,0,13,0,5,0,0,0,0,8,0,0,0,6,0,0,0,0,0,0,0,0,0,0,0,0,0,0,0,0,0,H-E-B,2.58,17,Family Cookies
193,H-E-B Peanut Brittle Covered In Milk Chocolate,0.25,cup,40,0,2,3,0,0,0,0,0,0,0,0,0,0,0,0,0,9,4.5,0,0,0,5,24,1,20,0,0,0,0.36,24,0,0,0,17.25,0,0,0,0,0,0,0,0,0,0,0,0,0,0,0,0,0,H-E-B,3.98,4.5,Candy
194,Betty Crocker Fruit Flavored Snacks, Variety Pack,1,pouch,14,0,2,0,0,0,0,0,0,0,0,0,0,0,0,0,0,1,0.5,0,0,0,0,17,0,10,0,0,0,0,0,0,0,0,7.5,0,0,0,0,0,0,0,0,0,0,0,0,0,40,0,0,0,H-E-B,3.94,0,Snack Bars
195,Lindt Lindor Assorted Chocolate Truffles,3,balls,36,0,2,2,0,0,0,0,0,0,0,0,0,0,0,0,0,19,13,0,0,0,5,15,1,14,0,0,0,0.72,8,0,0,0,3.75,0,0,0,0,0,0.03,0,0,0,0,0,0,0,0,0,0,0,H-E-B,6.99,7,Candy
196,Cheetos Puffs Cheese Flavored Snacks,1,oz,28,0,2,2,0,0,0,0,0,0,0,0,0,0,0,0,0,10,1.5,0,0,0,0,13,1,1,0,0,0,0.36,8,0,0,0,45,0,0,0,0,0,0,0.136,0.8,0.4,0,0,0,0,0,0,0,0,H-E-B,2.5,8,Pork Rinds and Other Chips
197,Bob's Texas Style Kettle Cooked Jalapeno Flavor Potato Chips,14,chips,28,0,2,2,0,0,0,0,0,0,0,0,0,0,0,0,0,9,2.5,0,0,0,0,15,1,1,0,0,0,0.36,16,0,0,0,59.25,0,0,0,0,0,0,0,0,0,0,0,0,0,60,0,0,0,H-E-B,3,9,Potato Chips
198,Ricos Condensed Aged Cheddar Cheese Sauce,0, ,0,0,0,0,0,0,0,0,0,0,0,0,0,0,0,0,0,0,0,0,0,0,0,0,0,0,0,0,0,0,0,0,0,0,0,0,0,0,0,0,0,0,0,0,0,0,0,0,0,0,0,0,H-E-B,8.32,0,Party Snacks
199,Nassau Candy Dark Chocolate Covered Peanuts,0, ,0,0,0,0,0,0,0,0,0,0,0,0,0,0,0,0,0,0,0,0,0,0,0,0,0,0,0,0,0,0,0,0,0,0,0,0,0,0,0,0,0,0,0,0,0,0,0,0,0,0,0,0,H-E-B,5.99,0,Candy
200,AustiNuts Salted Mixed Nuts,1,oz,28,0,2,6,0,0,0,0,0,0,0,0,0,0,0,0,0,14,2,0,0,0,0,6,2,1,0,0,0,0.54,32,0,0,0,32.25,0,0,0,0,0,0,0,0,0,0,0,0,0,0,0,0,0,H-E-B,2.99,7,Dried Fruits and Nuts
201,Tostitos Baked Scoops Tortilla Chips,1,oz,28,0,2,2,0,0,0,0,0,0,0,0,0,0,0,0,0,3,0.5,0,0,0,0,22,2,0,0,0,0,0.36,8,60,210,0,21,0.04,0,0,0,0,0,0.034,0,0,0,0,0,0,0,0,1.6,0,H-E-B,2.98,6,Tortilla Chips
202,Fiber One Soft-Baked Peanut Butter Cookies,1,cookie,31,0,2,2,0,0,0,0,0,0,0,0,0,0,0,0,0,5,2.5,0,0,0,5,21,5,9,0,0,0,0,8,0,0,0,21,0,0,0,0,0,0,0,0,0,0,0,0,0,0,0,0,0,H-E-B,2.78,6,Cookies
203,Mrs Baird's Grab N' Go Favorites Frosted Donuts,4,donuts,64,0,2,3,0,0,0,0,0,0,0,0,0,0,0,0,0,20,13,4,1,0,15,30,1,18,0,0,0,0.36,24,0,0,0,36,0,0,0,0,0,0,0,0,0,0,0,0,0,0,0,0,0,H-E-B,2,5,Snack Cakes
204,Pepperidge Farm Goldfish Grahams Cookies &amp; Cream Baked Snacks,35,pieces,30,0,2,2,0,0,0,0,0,0,0,0,0,0,0,0,0,5,1.5,2.5,1,0,0,22,1,9,0,0,0,0.36,32,0,0,0,18.75,0,0,0,0,0,0,0,0,0,0,0,0,0,0,0,0,0,H-E-B,1.98,6,Cookies
205,Eating Evolved Dark Chocolate Banana Cream Coconut Butter Cups,0, ,0,0,0,0,0,0,0,0,0,0,0,0,0,0,0,0,0,0,0,0,0,0,0,0,0,0,0,0,0,0,0,0,0,0,0,0,0,0,0,0,0,0,0,0,0,0,0,0,0,0,0,0,H-E-B,2.49,0,Candy
206,Russell Stover Private Reserve Fine Assorted Chocolates,3,pieces,42,0,2,2,0,0,0,0,0,0,0,0,0,0,0,0,0,11,7,0,0,0,5,25,1,20,0,0,0,0.72,24,0,0,0,6,0,0,0,0,0,0.03,0,0,0,0,0,0,0,0,0,0,0,H-E-B,9.97,8,Candy
207,Lehi Valley Trading Assorted Swedish Fish,0, ,0,0,0,0,0,0,0,0,0,0,0,0,0,0,0,0,0,0,0,0,0,0,0,0,0,0,0,0,0,0,0,0,0,0,0,0,0,0,0,0,0,0,0,0,0,0,0,0,0,0,0,0,H-E-B,5.24,0,Candy
208,Kellogg's Despicable Me Fruit Flavored Snacks,1,pouch,22,0,2,1,0,0,0,0,0,0,0,0,0,0,0,0,0,0,0,0,0,0,0,17,0,11,0,0,0,0,0,0,0,0,0,0,0,0,0,0,0,0,0,0,0,0,0,0,400,0,0,0,H-E-B,6.98,40,Snack Bars
209,Tastykake Iced Honey Bun,1,honey,170,0,2,8,0,0,0,0,0,0,0,0,0,0,0,0,0,30,14,12,3.5,0,0,97,2,51,0,0,0,4.5,60,0,0,0,73.5,0,0,0,0,0,0,0,0,0,0,0,0,0,0,0,0,0,H-E-B,1,1,Snack Cakes
210,Central Market Organics Ultra Thin Unsalted Tortilla Chips,15,chips,28,0,2,2,0,0,0,0,0,0,0,0,0,0,0,0,0,6,1,0,0,0,0,17,2,0,0,0,0,0.72,8,0,0,0,0,0,0,0,0,0,0,0,0,0,0,0,0,0,0,0,0,0,H-E-B,2.98,12,Tortilla Chips
211,H-E-B Baked Cheddar and Sour Cream Potato Crisps,12,crisps,28,0,2,2,0,0,0,0,0,0,0,0,0,0,0,0,0,2,0,0,1,0,0,22,1,2,0,0,0,0.72,8,0,0,0,48,0,0,0,0,0,0,0,0,0,0,0,0,0,0,0,0,0,H-E-B,2,9,Potato Chips
212,Simply Sprouted Way Better Snacks Simply Spicy Sriracha Corn Tortilla Chips,9,chips,28,0,2,2,0,0,0,0,0,0,0,0,0,0,0,0,0,7,0.5,4.5,1.5,0,0,14,3,0,0,0,0,0.72,16,0,0,0,18,0,0,0,0,0,0.03,0,0,0,0,0,0,0,0,0,0,0,H-E-B,2.99,6,Party Snacks
213,Pirate's Booty Multipack Baked Rice and Corn Puffs,0.5,oz,14,0,2,1,0,0,0,0,0,0,0,0,0,0,0,0,0,3,0,0,0,0,0,9,0,1,0,0,0,0.36,0,0,0,0,14.25,0,0,0,0,0,0,0,0,0,0,0,0,0,0,0,0,0,H-E-B,9.98,24,Pork Rinds and Other Chips
214,Doritos Flamas Flavored Tortilla Chips,0, ,0,0,0,0,0,0,0,0,0,0,0,0,0,0,0,0,0,0,0,0,0,0,0,0,0,0,0,0,0,0,0,0,0,0,0,0,0,0,0,0,0,0,0,0,0,0,0,0,0,0,0,0,H-E-B,2.5,0,Tortilla Chips
215,Ferrero Rocher Collections Fine Assorted Confections,4,pieces,40,0,2,3,0,0,0,0,0,0,0,0,0,0,0,0,0,17,8,0,0,0,5,19,2,15,0,0,0,0.72,24,0,0,0,5.25,0,0,0,0,0,0,0,0,0,0,0,0,0,0,0,0,0,H-E-B,4.38,3,Candy
216,Bazooka Crunchkins Dessert Flavored Poppers Share Pack,20,pieces,40,0,2,1,0,0,0,0,0,0,0,0,0,0,0,0,0,9,8,0,0,0,0,29,0,25,0,0,0,0.36,8,0,0,0,7.5,0,0,0,0,0,0,0,0,0,0,0,0,0,0,0,0,0,H-E-B,1.38,2,Candy
217,Whitman's Sugar Free Assorted Creams,3,pieces,44,0,2,2,0,0,0,0,0,0,0,0,0,0,0,0,0,12,8,0,0,0,5,27,1,0,0,0,0,0.36,8,0,0,0,10.5,0,0,0,0,0,0.03,0,0,0,0,0,0,0,0,0,0,0,H-E-B,1.87,2,Candy
218,Doritos Dinamita Chile Limon Flavored Rolled Tortilla Chips,0, ,0,0,2,2,0,0,0,0,0,0,0,0,0,0,0,0,0,9,1.5,0,0,0,0,18,1,0,0,0,0,0,0,0,0,0,33,0,0,0,0,0,0,0,0,0,0,0,0,0,0,0,0,0,H-E-B,2,0,Tortilla Chips
219,La Molienda Crystallized Fruit Candy,0, ,0,0,0,0,0,0,0,0,0,0,0,0,0,0,0,0,0,0,0,0,0,0,0,0,0,0,0,0,0,0,0,0,0,0,0,0,0,0,0,0,0,0,0,0,0,0,0,0,0,0,0,0,H-E-B,4.99,0,Candy
220,See's Candies Molasses Chips Assorted Flavors,0, ,0,0,0,0,0,0,0,0,0,0,0,0,0,0,0,0,0,0,0,0,0,0,0,0,0,0,0,0,0,0,0,0,0,0,0,0,0,0,0,0,0,0,0,0,0,0,0,0,0,0,0,0,H-E-B,10.63,0,Candy
221,Lay's Kettle Cooked Potato Chips, Jalapeno,15,chips,28,0,2,2,0,0,0,0,0,0,0,0,0,0,0,0,0,9,1.5,0,0,0,0,16,1,1,0,0,0,0,16,40,0,5280,19.5,0,0,0,0,0,0,0.068,0,0.6,0,0,0,0,40,0,0,0,H-E-B,2.5,8,Potato Chips
222,Russell Stover Private Reserve Assorted Chocolates Diamond Brooch Heart,3,pieces,43,0,2,0,0,0,0,0,0,0,0,0,0,0,0,0,0,11,7,0,0,0,5,26,1,21,0,0,0,1.08,16,0,0,0,6.75,0,0,0,0,0,0.03,0,0,0,0,0,0,0,0,0,0,0,H-E-B,14.97,5,Candy
223,Ricos Texan Original Seasoned Tortilla Chips,1,oz,28,0,2,1,0,0,0,0,0,0,0,0,0,0,0,0,0,11,2.5,0,0,0,0,13,1,0,0,0,0,0,40,0,0,0,36,0,0,0,0,0,0,0,0,0,0,0,0,0,0,0,0,0,H-E-B,2.98,12,Tortilla Chips
224,Nassau Candy Boston Baked Beans,0, ,0,0,0,0,0,0,0,0,0,0,0,0,0,0,0,0,0,0,0,0,0,0,0,0,0,0,0,0,0,0,0,0,0,0,0,0,0,0,0,0,0,0,0,0,0,0,0,0,0,0,0,0,H-E-B,3.99,0,Candy
225,TGI Fridays Loaded Potato Skins,0, ,0,0,0,0,0,0,0,0,0,0,0,0,0,0,0,0,0,0,0,0,0,0,0,0,0,0,0,0,0,0,0,0,0,0,0,0,0,0,0,0,0,0,0,0,0,0,0,0,0,0,0,0,H-E-B,1.98,0,Party Snacks
226,Grandma's Strawberry Creme Flavored Cookies,5,cookies,39,0,2,2,0,0,0,0,0,0,0,0,0,0,0,0,0,9,3,0,0,0,5,27,1,12,0,0,0,0.36,24,0,140,0,18,0,0,0,0,0,0,0,0,0,0,0,0,0,0,0,0,0,H-E-B,5,2,Multipack Cookies
227,Kashi TLC Soft-Baked Ripe Strawberry Cereal Bars,1,bar,35,0,2,2,0,0,0,0,0,0,0,0,0,0,0,0,0,3,0,1.5,1,0,0,23,3,9,0,0,0,0,8,0,0,0,15,0,0,0,0,0,0,0,0,0,0,0,0,0,8,0,0,0,H-E-B,2.98,6,Snack Bars
228,H-E-B Select Ingredients Kettle Cooked  Lightly Salted Potato Chips,14,chips,28,0,2,2,0,0,0,0,0,0,0,0,0,0,0,0,0,8,1,6,1,0,0,17,1,0,0,0,0,0,8,0,0,10080,9,0,0,0,0,0,0,0,0,0,0,0,0,0,40,0,0,0,H-E-B,1.98,8,Potato Chips
229,Lance Fresh Roasted Salted Peanuts,0, ,0,0,2,9,0,0,0,0,0,0,0,0,0,0,0,0,0,15,2.5,0,0,0,0,6,4,0,0,0,0,0,16,0,0,0,22.5,0,0,0,0,0,0,0,0,0,0,0,0,0,0,0,0,0,H-E-B,2.68,0,Dried Fruits and Nuts
230,Skinny Cow Divine Filled Caramel Chocolates Candy,1,pouch,28.3,0,2,1,0,0,0,0,0,0,0,0,0,0,0,0,0,7,4,0,0,0,5,18,0,15,0,0,0,0.36,0,0,0,0,12,0,0,0,0,0,0,0,0,0,0,0,0,0,0,0,0,0,H-E-B,0.78,1,Candy
231,Whitman's Sugar Free Assorted Candies,3,pieces,43,0,2,2,0,0,0,0,0,0,0,0,0,0,0,0,0,11,7,0,0,0,5,25,2,0,0,0,0,0,16,0,0,0,9.75,0,0,0,0,0,0.03,0,0,0,0,0,0,0,0,0,0,0,H-E-B,1.5,0,Candy
232,Lily's Stevia Sweetened Dark Chocolate Crispy Rice,40,g,40,0,2,2,0,0,0,0,0,0,0,0,0,0,0,0,0,13,9,0,0,0,5,23,12,1,0,0,0,0,100,0,0,0,3,0,0,0,0,0,0,0,0,0,0,0,0,0,0,0,0,0,H-E-B,4.48,2,Candy
233,Tastykake Creme Filled Chocolate Bells,1,cake,50,0,2,2,0,0,0,0,0,0,0,0,0,0,0,0,0,9,6,1,1.5,0,5,30,2,21,0,0,0,0.36,40,0,0,0,30,0,0,0,0,0,0,0,0,0,0,0,0,0,8,0,0,0,H-E-B,2.98,8,Snack Cakes
234,Cheetos Crunchy Cheese Flavored Snacks,1,oz,28,0,2,2,0,0,0,0,0,0,0,0,0,0,0,0,0,10,1.5,0,0,0,0,13,1,1,0,0,0,0,8,0,0,0,37.5,0,0,0,0,0,0,0.136,0.8,0.4,0,0,0,0,0,0,0,0,H-E-B,2.5,9,Pork Rinds and Other Chips
235,Cape Cod Kettle Cooked Sea Salt &amp; Cracked Pepper Potato Chips,1,oz,28,0,2,2,0,0,0,0,0,0,0,0,0,0,0,0,0,7,0.5,0,0,0,0,17,2,1,0,0,0,0,8,0,0,0,22.5,0,0,0,0,0,0,0,0,0,0,0,0,0,24,0,0,0,H-E-B,2,8,Potato Chips
236,Cracker Jack Original Caramel Coated Popcorn &amp; Peanuts,0.5,cup,28,0,2,2,0,0,0,0,0,0,0,0,0,0,0,0,0,2,0,0,0,0,0,23,1,15,0,0,0,0,16,0,0,0,10.5,0,0,0,0,0,0,0,0,0,0,0,0,0,0,0,0,0,H-E-B,1.69,4,Popcorn and Rice Cakes
237,Hershey's Assorted Chocolates &amp; Sweets, 100 Pieces,0, ,0,0,0,0,0,0,0,0,0,0,0,0,0,0,0,0,0,0,0,0,0,0,0,0,0,0,0,0,0,0,0,0,0,0,0,0,0,0,0,0,0,0,0,0,0,0,0,0,0,0,0,0,H-E-B,11.88,0,Candy
238,Pringles Lightly Salted Original,1,ounce,28,0,2,1,0,0,0,0,0,0,0,0,0,0,0,0,0,9,2.5,0,0,0,0,16,1,0,0,0,0,0,0,0,0,0,10.5,0,0,0,0,0,0,0,0,0,0,0,0,0,24,0,0,0,H-E-B,1.34,5,Potato Chips
239,Jack Link's Matador Original Beef Jerky,1,oz,28,0,2,11,0,0,0,0,0,0,0,0,0,0,0,0,0,1.5,0.5,0,0,0,30,6,0,5,0,0,0,0,24,0,0,0,100.5,0,0,0,0,0,0,0,0,0,0,0,0,0,0,0,0,0,H-E-B,5.99,3,Jerky
240,Xochitl Mexican Style Salted Corn Chips,1,oz,28,0,2,2,0,0,0,0,0,0,0,0,0,0,0,0,0,6,1,0,0,0,0,18,2,0,0,0,0,0.36,8,0,0,0,15.75,0,0,0,0,0,0,0,0,0,0,0,0,0,24,0,0,0,H-E-B,3.68,12,Tortilla Chips
241,Pelon Tamarind Flavored Soft Candy,0, ,0,0,0,0,0,0,0,0,0,0,0,0,0,0,0,0,0,0,0,0,0,0,0,0,0,0,0,0,0,0,0,0,0,0,0,0,0,0,0,0,0,0,0,0,0,0,0,0,0,0,0,0,H-E-B,3,0,Candy
242,Little Debbie Red Velvet Creme Filled Cakes,2,cakes,73,0,2,2,0,0,0,0,0,0,0,0,0,0,0,0,0,16,9,3,3.5,0,5,45,0,35,0,0,0,0,16,0,0,840,19.5,0,0,0,0,0,0,0,0,0,0,0,0,0,0,0,0,0,H-E-B,2.16,5,Snack Cakes
243,Cape Cod White Cheddar and Sour Cream Kettle Cooked Potato Chips,1,oz,28,0,2,3,0,0,0,0,0,0,0,0,0,0,0,0,0,6,0.5,4,1.5,0,0,18,1,0,0,0,0,0,16,0,0,0,22.5,0,0,0,0,0,0,0,0,0,0,0,0,0,32,0,0,0,H-E-B,2,8,Potato Chips
244,Lay's Stax Que Rico Flamas Flavored Potato Crisps,12,crisps,28,0,2,1,0,0,0,0,0,0,0,0,0,0,0,0,0,8,2.5,0,0,0,0,16,1,1,0,0,0,0,0,0,0,3840,27,0,0,0,0,0,0,0,0,0,0,0,0,0,0,0,0,0,H-E-B,1.18,6,Potato Chips
245,H-E-B Kettle Cooked Crinkle Cut Hot Sauce Flavored Potato Chips,13,chips,28,0,2,2,0,0,0,0,0,0,0,0,0,0,0,0,0,8,2,1.5,3.5,0,0,16,1,0,0,0,0,0,8,0,0,10080,58.5,0,0,0,0,0,0,0,0,0,0,0,0,0,40,0,0,0,H-E-B,1.98,8,Potato Chips
246,Frito Lay Chips, Baked &amp; Popped Mix,0, ,0,0,2,2,0,0,0,0,0,0,0,0,0,0,0,0,0,1,0,0,0,0,0,23,1,1,0,0,0,0,24,0,0,0,67.5,0,0,0,0,0,0,0,0,0,0,0,0,0,0,0,0,0,H-E-B,5.98,0,Variety Pack Chips
247,Voortman Sugar Free Iced Almonette Cookies,2,cookies,30,0,2,1,0,0,0,0,0,0,0,0,0,0,0,0,0,8,1.5,0,0,0,0,17,0,0,0,0,0,0,8,0,0,0,10.5,0,0,0,0,0,0,0,0,0,0,0,0,0,0,0,0,0,H-E-B,2.78,8,Sugar Free and Healthier Cookies
248,Mott's Medleys Assorted Fruit Flavored Snacks,1,pouch,23,0,2,0,0,0,0,0,0,0,0,0,0,0,0,0,0,0,0,0,0,0,0,19,0,10,0,0,0,0,0,0,0,0,4.5,0,0,0,0,0,0.06,0,0,0,0,0,0,0,400,0,0,0,H-E-B,2,10,Snack Bars
249,Pepperidge Farm Milano Toasted Marshmallow,2,cookies,26,0,2,1,0,0,0,0,0,0,0,0,0,0,0,0,0,7,4,0,0,0,5,16,0,9,0,0,0,0.36,16,0,0,0,6,0,0,0,0,0,0,0,0,0,0,0,0,0,0,0,0,0,H-E-B,2.98,8,Family Cookies
250,Laffy Taffy Assorted Flavors Standup Bag,4,bars,39,0,2,0,0,0,0,0,0,0,0,0,0,0,0,0,0,2,1.5,0,0,0,0,30,0,19,0,0,0,0,0,0,0,0,7.5,0,0,0,0,0,0,0,0,0,0,0,0,0,0,0,0,0,H-E-B,6.86,34,Candy
251,Mars Mars Fun Size Mixed Candies Filled Plastic Eggs,3,packs,46,0,2,0,0,0,0,0,0,0,0,0,0,0,0,0,0,2,2,0,0,0,0,42,0,34,0,0,0,0,0,0,0,0,2.25,0,0,0,0,0,0,0,0,0,0,0,0,0,0,0,0,0,H-E-B,2.98,2,Candy
252,Galerie Pearlized Jumbo Bunny Egg with Candy Assortment,0, ,0,0,0,0,0,0,0,0,0,0,0,0,0,0,0,0,0,0,0,0,0,0,0,0,0,0,0,0,0,0,0,0,0,0,0,0,0,0,0,0,0,0,0,0,0,0,0,0,0,0,0,0,H-E-B,2.98,0,Candy
253,Russell Stover Glitter Assorted Chocolate Hearts,0, ,0,0,0,0,0,0,0,0,0,0,0,0,0,0,0,0,0,0,0,0,0,0,0,0,0,0,0,0,0,0,0,0,0,0,0,0,0,0,0,0,0,0,0,0,0,0,0,0,0,0,0,0,H-E-B,11.97,0,Candy
254,Ruffles Queso Cheese Flavored Potato Chips,11,chips,28,0,2,2,0,0,0,0,0,0,0,0,0,0,0,0,0,10,1.5,4.5,4.5,0,0,15,1,1,0,0,0,0,8,40,0,7920,34.5,0,0,0,0,0,0.06,0.068,0,0.4,0,0,0,0,40,0,4.8,0,H-E-B,2.98,7,Potato Chips
255,Werther's Original Sugar Free Assorted Hard Candies,0, ,0,0,0,0,0,0,0,0,0,0,0,0,0,0,0,0,0,0,0,0,0,0,0,0,0,0,0,0,0,0,0,0,0,0,0,0,0,0,0,0,0,0,0,0,0,0,0,0,0,0,0,0,H-E-B,5.38,0,Candy
256,Mission Cheddar Cheese Flavored Dip,2,tbsp,34,0,2,1,0,0,0,0,0,0,0,0,0,0,0,0,0,3,0.5,0,0,0,0,4,0,0,0,0,0,0.36,0,0,0,0,42,0,0,0,0,0,0,0,0,0,0,0,0,0,0,0,0,0,H-E-B,3.18,13,Dips
257,Barcel Chip's by Toreadas Fuego Kettle Cooked Potato Chips,16,pieces,30,0,2,2,0,0,0,0,0,0,0,0,0,0,0,0,0,8,2.5,0,0,0,0,18,0,0,0,0,0,0.36,16,0,0,0,63,0,0,0,0,0,0,0,0,0,0,0,0,0,0,0,0,0,H-E-B,2.33,4,Potato Chips
258,Paqui Haunted Ghost Pepper Tortilla Chips,1,oz,28,0,2,2,0,0,0,0,0,0,0,0,0,0,0,0,0,7,1,0,0,0,0,16,2,0,0,0,0,0,16,0,0,0,28.5,0,0,0,0,0,0.03,0,0,0,0,0,0,0,0,0,0,0,H-E-B,2.83,5.5,Tortilla Chips
259,Welch's Mixed Fruit Fat Free Fruit Snacks,1,pouch,25.5,0,2,1,0,0,0,0,0,0,0,0,0,0,0,0,0,0,0,0,0,0,0,19,0,11,0,0,0,0,0,0,0,0,1.5,0,0,0,0,0,0.375,0,0,0,0,0,0,0,400,0,20,0,H-E-B,6.98,40,Snack Bars
260,Twizzlers Pull 'n' Peel Twizted Strawberry Blast Snack Size Candy,3,pieces,37,0,2,1,0,0,0,0,0,0,0,0,0,0,0,0,0,0.5,0,0,0,0,0,29,0,16,0,0,0,0,0,0,0,0,12,0,0,0,0,0,0,0,0,0,0,0,0,0,0,0,0,0,H-E-B,2.68,8,Candy
261,Kellogg's Fruity Snacks Mixed Berry,1,pouch,22,0,2,1,0,0,0,0,0,0,0,0,0,0,0,0,0,0,0,0,0,0,0,17,0,11,0,0,0,0,0,0,0,0,0,0,0,0,0,0,0,0,0,0,0,0,0,0,400,0,0,0,H-E-B,2,10,Snack Bars
262,Ricolino Marshmallow Clown Pop with Chocolate Flavored Coating And Gummies,1,piece,45,0,2,1,0,0,0,0,0,0,0,0,0,0,0,0,0,5,4.5,0,0,0,0,31,1,24,0,0,0,0.36,24,0,0,0,3,0,0,0,0,0,0,0,0,0,0,0,0,0,0,0,0,0,H-E-B,0.68,10,Candy
263,Lay's Stax Que Rico Chile Limon Flavored Potato Crisps,12,crisps,28,0,2,1,0,0,0,0,0,0,0,0,0,0,0,0,0,9,2.5,0,0,0,0,15,1,1,0,0,0,0,0,0,0,4320,25.5,0,0,0,0,0,0.06,0,0,0,0,0,0,0,8,0,0,0,H-E-B,1.18,6,Potato Chips
264,Doritos Toasted Corn,0, ,0,0,0,0,0,0,0,0,0,0,0,0,0,0,0,0,0,0,0,0,0,0,0,0,0,0,0,0,0,0,0,0,0,0,0,0,0,0,0,0,0,0,0,0,0,0,0,0,0,0,0,0,H-E-B,2.5,0,Tortilla Chips
265,Brach's Milk Maid Cream Filled Variety Pack Candy,6,pieces,38,0,2,1,0,0,0,0,0,0,0,0,0,0,0,0,0,3.5,3.5,0,0,0,0,29,0,19,0,0,0,2.7,0,0,0,0,11.25,0,0,0,0,0,0,0,0,0,0,0,0,0,0,0,0,0,H-E-B,3.98,0,Candy
266,Doritos Cool Ranch Flavored Tortilla Chips,1,package,28.3,0,2,2,0,0,0,0,0,0,0,0,0,0,0,0,0,8,1,0,0,0,0,18,2,1,0,0,0,0.36,0,40,140,0,27,0,0,0,0,0,0,0.068,0.4,0,0,0,0,0,0,0,4.8,0,H-E-B,3,1,Tortilla Chips
267,Whitman's &quot;Key to My Heart&quot; Assorted Chocolate Heart,0, ,0,0,0,0,0,0,0,0,0,0,0,0,0,0,0,0,0,0,0,0,0,0,0,0,0,0,0,0,0,0,0,0,0,0,0,0,0,0,0,0,0,0,0,0,0,0,0,0,0,0,0,0,H-E-B,16.97,0,Candy
268,Whitman's Sugar Free Assorted Candies Sampler Box,3,pieces,43,0,2,3,0,0,0,0,0,0,0,0,0,0,0,0,0,13,8,0,0,0,5,25,2,0,0,0,0,0,16,0,0,0,12,0,0,0,0,0,0.03,0,0,0,0,0,0,0,0,0,0,0,H-E-B,10.99,7,Candy
269,Twizzlers Sweet &amp; Sour Filled Bites,25,pieces,40,0,2,1,0,0,0,0,0,0,0,0,0,0,0,0,0,1.5,1.5,0,0,0,0,31,0,20,0,0,0,0,0,0,0,0,12.75,0,0,0,0,0,0,0,0,0,0,0,0,0,0,0,0,0,H-E-B,1.98,6,Candy
270,Werther's Original Creamy Caramel Filled Hard Candies,2,pieces,12,0,2,1,0,0,0,0,0,0,0,0,0,0,0,0,0,0.5,0,0,0,0,5,10,0,7,0,0,0,0,0,0,0,0,3.75,0,0,0,0,0,0,0,0,0,0,0,0,0,0,0,0,0,H-E-B,1.98,13,Candy
271,H-E-B Select Ingredients Ridged Original Potato Chips Family Size,12,chips,28,0,2,1,0,0,0,0,0,0,0,0,0,0,0,0,0,10,2.5,2,5,0,0,15,1,0,0,0,0,0,8,0,0,4080,27,0,0,0,0,0,0,0,0,0,0,0,0,0,16,0,0,0,H-E-B,2.98,16,Potato Chips
272,Lehi Valley Trading Red Licorice Bites,0, ,0,0,0,0,0,0,0,0,0,0,0,0,0,0,0,0,0,0,0,0,0,0,0,0,0,0,0,0,0,0,0,0,0,0,0,0,0,0,0,0,0,0,0,0,0,0,0,0,0,0,0,0,H-E-B,3.99,0,Candy
273,Sunbelt Fudge Dipped Chocolate Chip Chewy Granola Bar,1,granola,32,0,2,2,0,0,0,0,0,0,0,0,0,0,0,0,0,7,4.5,1,1,0,0,21,1,11,0,0,0,0,8,0,0,1680,7.5,0,0,0,0,0,0,0,0,0,0,0,0,0,0,0,0,0,H-E-B,2.38,10,Snack Bars
274,Eating Evolved Signature Dark Chocolate Almond Sea Salt,0, ,0,0,0,0,0,0,0,0,0,0,0,0,0,0,0,0,0,0,0,0,0,0,0,0,0,0,0,0,0,0,0,0,0,0,0,0,0,0,0,0,0,0,0,0,0,0,0,0,0,0,0,0,H-E-B,3.99,0,Candy
275,Ricos Ready-to-Eat Cheese Flavored Popcorn,0, ,0,0,0,0,0,0,0,0,0,0,0,0,0,0,0,0,0,0,0,0,0,0,0,0,0,0,0,0,0,0,0,0,0,0,0,0,0,0,0,0,0,0,0,0,0,0,0,0,0,0,0,0,H-E-B,1.5,0,Popcorn and Rice Cakes
276,Dove Fruit, Real Cranberries Dipped in Dark Chocolate,1.5,oz,42,0,2,2,0,0,0,0,0,0,0,0,0,0,0,0,0,10,6,0,0,0,5,29,2,25,0,0,0,0.72,8,0,0,0,1.5,0,0,0,0,0,0.045,0,0,0,0,0,0,0,0,0,0,0,H-E-B,8.98,11,Candy
277,Lehi Valley Trading Assorted Mini Swedish Fish,0, ,0,0,0,0,0,0,0,0,0,0,0,0,0,0,0,0,0,0,0,0,0,0,0,0,0,0,0,0,0,0,0,0,0,0,0,0,0,0,0,0,0,0,0,0,0,0,0,0,0,0,0,0,H-E-B,5.18,0,Candy
278,Ricolino Kranky Chocolate Covered Corn Flakes,0, ,0,0,0,0,0,0,0,0,0,0,0,0,0,0,0,0,0,0,0,0,0,0,0,0,0,0,0,0,0,0,0,0,0,0,0,0,0,0,0,0,0,0,0,0,0,0,0,0,0,0,0,0,H-E-B,2,0,Candy
279,Doritos Nacho Cheese Flavored Tortilla Chips,0, ,0,0,2,2,0,0,0,0,0,0,0,0,0,0,0,0,0,9,1.5,0,0,0,0,18,1,0,0,0,0,0,0,0,0,0,34.5,0,0,0,0,0,0.03,0.034,0,0,0,0,0,0,0,0,0,0,H-E-B,2,0,Tortilla Chips
280,Nassau Candy Runts Fruit Flavored Candy,0, ,0,0,0,0,0,0,0,0,0,0,0,0,0,0,0,0,0,0,0,0,0,0,0,0,0,0,0,0,0,0,0,0,0,0,0,0,0,0,0,0,0,0,0,0,0,0,0,0,0,0,0,0,H-E-B,2.97,0,Candy
281,YumEarth Organics Assorted Flavor Lollipops,0, ,0,0,0,0,0,0,0,0,0,0,0,0,0,0,0,0,0,0,0,0,0,0,0,0,0,0,0,0,0,0,0,0,0,0,0,0,0,0,0,0,0,0,0,0,0,0,0,0,0,0,0,0,H-E-B,4.99,0,Candy
282,Quaker Chewy Dipps Chocolatey Covered Caramel Nut Granola Bars,1,bar,31,0,2,1,0,0,0,0,0,0,0,0,0,0,0,0,0,5,3.5,1,0.5,0,0,22,1,14,0,0,0,0,8,0,0,0,9.75,0,0,0,0,0,0,0,0,0,0,0,0,0,0,0,0,0,H-E-B,2.98,6,Snack Bars
283,Green &amp; Blacks Pure Dark Chocolate Salted Caramel Bag,4,pieces,40,0,2,2,0,0,0,0,0,0,0,0,0,0,0,0,0,19,12,0,0,0,0,18,3,13,0,0,0,0,100,0,0,0,12,0,0,0,0,0,0,0,0,0,0,0,0,0,0,0,0,0,H-E-B,4.49,3,Candy
284,Galerie DreamWorks Trolls Candy Filled Easter Eggs,0, ,0,0,0,0,0,0,0,0,0,0,0,0,0,0,0,0,0,0,0,0,0,0,0,0,0,0,0,0,0,0,0,0,0,0,0,0,0,0,0,0,0,0,0,0,0,0,0,0,0,0,0,0,H-E-B,5.98,0,Candy
285,Tastykake Mini Rich Frosted  Donuts,4,donuts,63,0,2,3,0,0,0,0,0,0,0,0,0,0,0,0,0,17,11,3,1.5,0,5,34,2,18,0,0,0,0.36,60,0,0,0,33,0,0,0,0,0,0,0,0,0,0,0,0,0,0,0,0,0,H-E-B,2,5,Snack Cakes
286,Alamo Candy Chinese Dried Salted Plums with Pickle &amp; Lemon,0, ,0,0,0,0,0,0,0,0,0,0,0,0,0,0,0,0,0,0,0,0,0,0,0,0,0,0,0,0,0,0,0,0,0,0,0,0,0,0,0,0,0,0,0,0,0,0,0,0,0,0,0,0,H-E-B,1.34,0,Candy
287,Russell Stover Assorted Chocolates Gift Box,4,pieces,57,0,2,2,0,0,0,0,0,0,0,0,0,0,0,0,0,13,9,0,0,0,5,39,1,33,0,0,0,0.72,24,0,0,0,16.5,0,0,0,0,0,0,0,0,0,0,0,0,0,0,0,0,0,H-E-B,1.5,0,Candy
288,Galerie DreamWorks Trolls Assorted Valentine Mugs with Milk Chocolate Hearts,0, ,0,0,0,0,0,0,0,0,0,0,0,0,0,0,0,0,0,0,0,0,0,0,0,0,0,0,0,0,0,0,0,0,0,0,0,0,0,0,0,0,0,0,0,0,0,0,0,0,0,0,0,0,H-E-B,9.99,0,Candy
289,Endangered Species Dark Chocolate Caramel &amp; Sea Salt,0, ,0,0,0,0,0,0,0,0,0,0,0,0,0,0,0,0,0,0,0,0,0,0,0,0,0,0,0,0,0,0,0,0,0,0,0,0,0,0,0,0,0,0,0,0,0,0,0,0,0,0,0,0,H-E-B,2.79,0,Candy
290,H-E-B Dry Roasted Peanuts,0.25,cup,28,0,2,6,0,0,0,0,0,0,0,0,0,0,0,0,0,13,2,7,4,0,0,7,2,1,0,0,0,0.36,16,100,350,4320,30,0,0,0,0,0,0,0,0,0,0,0,0.6,0,0,0,0,0,H-E-B,5.88,35,Dried Fruits and Nuts
291,Jelly Belly Assorted Flavors Sugar-Free Jelly Beans,35,pieces,40,0,2,0,0,0,0,0,0,0,0,0,0,0,0,0,0,0,0,0,0,0,0,36,0,0,0,0,0,0,0,0,0,0,0,0,0,0,0,0,0,0,0,0,0,0,0,0,0,0,0,0,H-E-B,1.98,2,Candy
292,Nassau Candy Sanded Lemon Drop Candies,0, ,0,0,0,0,0,0,0,0,0,0,0,0,0,0,0,0,0,0,0,0,0,0,0,0,0,0,0,0,0,0,0,0,0,0,0,0,0,0,0,0,0,0,0,0,0,0,0,0,0,0,0,0,H-E-B,4.97,0,Candy
293,Nestle Egg-Fillers Assorted Mini Candies,0, ,0,0,0,0,0,0,0,0,0,0,0,0,0,0,0,0,0,0,0,0,0,0,0,0,0,0,0,0,0,0,0,0,0,0,0,0,0,0,0,0,0,0,0,0,0,0,0,0,0,0,0,0,H-E-B,4.98,0,Candy
294,Slim-Fast Advanced Nutrition 100 Calorie Mesquite BBQ Baked Crisps,0, ,0,0,0,0,0,0,0,0,0,0,0,0,0,0,0,0,0,0,0,0,0,0,0,0,0,0,0,0,0,0,0,0,0,0,0,0,0,0,0,0,0,0,0,0,0,0,0,0,0,0,0,0,H-E-B,4.44,0,Potato Chips
295,Robert's Reserve Roasted Red Pepper &amp; Onion Dip,0, ,0,0,0,0,0,0,0,0,0,0,0,0,0,0,0,0,0,0,0,0,0,0,0,0,0,0,0,0,0,0,0,0,0,0,0,0,0,0,0,0,0,0,0,0,0,0,0,0,0,0,0,0,H-E-B,6.99,0,Dips
296,SunRidge Farms Organic Dried Peaches,0, ,0,0,0,0,0,0,0,0,0,0,0,0,0,0,0,0,0,0,0,0,0,0,0,0,0,0,0,0,0,0,0,0,0,0,0,0,0,0,0,0,0,0,0,0,0,0,0,0,0,0,0,0,H-E-B,17.99,0,Dried Fruits and Nuts
297,Pepperidge Farm Sweet &amp; Simple Salted Caramel Cookies,3,cookies,31,0,2,1,0,0,0,0,0,0,0,0,0,0,0,0,0,7,3.5,0,0,0,10,22,0,13,0,0,0,0.36,16,0,0,0,17.25,0,0,0,0,0,0,0,0,0,0,0,0,0,0,0,0,0,H-E-B,2.98,5,Family Cookies
298,Ricolino Bubu Lubu Strawberry Flavored Jelly And Marshmallow With Chocolate,0, ,0,0,2,1,0,0,0,0,0,0,0,0,0,0,0,0,0,2,2,0,0,0,0,22,0,19,0,0,0,0,0,0,0,0,3,0,0,0,0,0,0,0,0,0,0,0,0,0,0,0,0,0,H-E-B,0.99,0,Candy
299,Russell Stover Marshmallow Pumpkin, Covered In Milk Chocolate,1,piece,28,0,2,1,0,0,0,0,0,0,0,0,0,0,0,0,0,3,2,0,0,0,0,20,1,14,0,0,0,0.36,8,0,0,0,4.5,0,0,0,0,0,0,0,0,0,0,0,0,0,0,0,0,0,H-E-B,0.53,1,Candy
300,Ricolino Chocoretas Mint and Chocolate Flavored Candy,0, ,0,0,2,1,0,0,0,0,0,0,0,0,0,0,0,0,0,6,6,0,0,0,0,30,0,27,0,0,0,0,0,0,0,0,3.75,0,0,0,0,0,0,0,0,0,0,0,0,0,0,0,0,0,H-E-B,0.79,0,Candy
301,Lay's Kettle Cooked Potato Chips, Sea Salt &amp; Cracked Pepper,1,oz,28,0,2,2,0,0,0,0,0,0,0,0,0,0,0,0,0,9,1.5,0,0,0,0,16,1,1,0,0,0,0,16,40,140,8640,16.5,0,0,0,0,0,0,0,0,0.6,0,0,0,0,40,0,0,0,H-E-B,2.5,8,Potato Chips
302,Cheetos Crunchy Flamin' Hot Limon Flavored Snacks,1,oz,28,0,2,1,0,0,0,0,0,0,0,0,0,0,0,0,0,11,1.5,0,0,0,0,13,1,0,0,0,0,0,8,0,0,0,39,0,0,0,0,0,0,0.102,0.4,0.4,0,0,0.36,0,0,0,0,0,H-E-B,2.5,9,Pork Rinds and Other Chips
303,Ruffles Natural Reduced Fat Sea Salted Potato Chips,15,chips,28,0,2,2,0,0,0,0,0,0,0,0,0,0,0,0,0,7,0.5,0,0,0,0,17,1,0,0,0,0,0,8,0,140,0,24,0.04,0,0,0,0,0,0.034,0,0.6,0,0,0,0,40,0,8,0,H-E-B,2.98,8,Potato Chips
304,H-E-B Select Ingredients Texas Shaped White Corn Tortilla Chips,9,chips,28,0,2,2,0,0,0,0,0,0,0,0,0,0,0,0,0,8,1,2,4.5,0,0,18,1,0,0,0,0,0,16,0,0,1680,14.25,0,0,0,0,0,0,0,0,0,0,0,0,0,0,0,0,0,H-E-B,1.98,14,Tortilla Chips
305,York Minis Unwrapped Peppermint Patties, King Size Bag,0, ,0,0,2,2,0,0,0,0,0,0,0,0,0,0,0,0,0,6,4,0,0,0,0,55,2,44,0,0,0,0,40,0,0,0,3,0,0,0,0,0,0,0,0,0,0,0,0,0,0,0,0,0,H-E-B,1.37,0,Candy
306,Jelly Belly BeanBoozled Spinner Giftbox,35,pieces,40,0,2,0,0,0,0,0,0,0,0,0,0,0,0,0,0,0,0,0,0,0,0,37,0,28,0,0,0,0,0,0,0,0,3.75,0,0,0,0,0,0,0,0,0,0,0,0,0,0,0,0,0,H-E-B,4.97,2.5,Candy
307,Lay's Lightly Salted Family Size,1,oz,28,0,2,2,0,0,0,0,0,0,0,0,0,0,0,0,0,10,1.5,0,0,0,0,16,1,1,0,0,0,0,8,40,0,8400,12.75,0.04,0,0,0,0,0,0.068,0,0.6,0,0,0,0,40,0,4.8,0,H-E-B,2.5,10,Potato Chips
308,Ruffles Baked! Original Potato Crisp,12,crisps,28,0,2,2,0,0,0,0,0,0,0,0,0,0,0,0,0,3,0,1,2,0,0,22,2,1,0,0,0,0,0,0,140,6000,20.25,0,0,2.8,0,0,0,0,0,0,0,0,0,0,24,0,0,0,H-E-B,2.98,6,Potato Chips
309,Pepperidge Farm Goldfish Grahams S'mores Baked Snacks,52,pieces,30,0,2,2,0,0,0,0,0,0,0,0,0,0,0,0,0,4.5,1,1.5,1,0,0,23,1,10,0,0,0,0,24,0,0,0,18.75,0,0,0,0,0,0,0,0,0,0,0,0,0,0,0,0,0,H-E-B,1.98,6,Cookies
310,Barcel Takis Crunchy Fajita Taco Flavored Corn Snack,14,pieces,28,0,2,2,0,0,0,0,0,0,0,0,0,0,0,0,0,8,2.5,0,0,0,0,16,2,0,0,0,0,0.72,8,0,0,0,39,0,0,0,0,0,0,0,0,0,0,0,0,0,0,0,0,0,H-E-B,2.33,10,Corn Chips
311,Nassau Candy Dark Chocolate Covered Raisins,0, ,0,0,0,0,0,0,0,0,0,0,0,0,0,0,0,0,0,0,0,0,0,0,0,0,0,0,0,0,0,0,0,0,0,0,0,0,0,0,0,0,0,0,0,0,0,0,0,0,0,0,0,0,H-E-B,5.99,0,Candy
312,Nassau Candy Dark Chocolate Covered Cranberries,0, ,0,0,0,0,0,0,0,0,0,0,0,0,0,0,0,0,0,0,0,0,0,0,0,0,0,0,0,0,0,0,0,0,0,0,0,0,0,0,0,0,0,0,0,0,0,0,0,0,0,0,0,0,H-E-B,8.99,0,Candy
313,Fritos Jalapeno Cheddar Flavored Cheese Dip,2,tbsp,32,0,2,1,0,0,0,0,0,0,0,0,0,0,0,0,0,2.5,0,0,0,0,0,3,0,1,0,0,0,0.36,0,0,0,0,33,0,0,0,0,0,0,0,0,0,0,0,0,0,0,0,3.2,0,H-E-B,2.5,8,Dips
314,Cape Cod Kettle Cooked Waffle Cut Sea Salt Potato Chips,1,oz,28,0,2,2,0,0,0,0,0,0,0,0,0,0,0,0,0,7,0.5,0,0,0,0,18,1,0,0,0,0,0,8,0,0,0,16.5,0,0,0,0,0,0,0,0,0,0,0,0,0,120,0,0,0,H-E-B,2,7,Potato Chips
315,Hershey's Assorted Chocolate 30 PK,1,bar,43,0,2,4,0,0,0,0,0,0,0,0,0,0,0,0,0,13,4.5,0,0,0,5,23,1,20,0,0,0,0.36,8,0,0,0,19.5,0,0,0,0,0,0,0,0,0,0,0,0,0,0,0,0,0,H-E-B,21.48,7,Candy
316,H-E-B Assorted Saltwater Taffy,0, ,0,0,0,0,0,0,0,0,0,0,0,0,0,0,0,0,0,0,0,0,0,0,0,0,0,0,0,0,0,0,0,0,0,0,0,0,0,0,0,0,0,0,0,0,0,0,0,0,0,0,0,0,H-E-B,3.99,0,Candy
317,Planters Nut-Rition Mens Health Mixed Nuts,0, ,0,0,0,0,0,0,0,0,0,0,0,0,0,0,0,0,0,0,0,0,0,0,0,0,0,0,0,0,0,0,0,0,0,0,0,0,0,0,0,0,0,0,0,0,0,0,0,0,0,0,0,0,H-E-B,1.48,0,Dried Fruits and Nuts
318,Russell Stover Lyric Heart Assorted Chocolates,0, ,0,0,0,0,0,0,0,0,0,0,0,0,0,0,0,0,0,0,0,0,0,0,0,0,0,0,0,0,0,0,0,0,0,0,0,0,0,0,0,0,0,0,0,0,0,0,0,0,0,0,0,0,H-E-B,3.97,0,Candy
319,Lay's Mesquite BBQ Kettle Cooked Potato Chips,1,oz,28,0,2,2,0,0,0,0,0,0,0,0,0,0,0,0,0,8,1.5,0,0,0,0,17,1,2,0,0,0,0,16,40,0,8400,21,0,0,0,0,0,0.09,0.068,0,0.4,0,0,0,0,40,0,0,0,H-E-B,2.5,8,Potato Chips
320,Cocomels Dark Chocolate Covered Vanilla,0, ,0,0,0,0,0,0,0,0,0,0,0,0,0,0,0,0,0,0,0,0,0,0,0,0,0,0,0,0,0,0,0,0,0,0,0,0,0,0,0,0,0,0,0,0,0,0,0,0,0,0,0,0,H-E-B,2,0,Candy
321,Duvalin Hazelnut And Vanilla Flavored Candy,0, ,0,0,0,0,0,0,0,0,0,0,0,0,0,0,0,0,0,0,0,0,0,0,0,0,0,0,0,0,0,0,0,0,0,0,0,0,0,0,0,0,0,0,0,0,0,0,0,0,0,0,0,0,H-E-B,2.08,0,Candy
322,Central Market Tuscan Baked Pita Chips,13,chips,28,0,2,3,0,0,0,0,0,0,0,0,0,0,0,0,0,5,0.5,0,0,0,0,18,1,2,0,0,0,0.36,24,0,0,0,27,0,0,0,0,0,0,0,0,0,0,0,0,0,0,0,0,0,H-E-B,2.98,9,Pork Rinds and Other Chips
323,Lay's Stax Pizza Flavored Potato Crisps,12,crisps,28,0,2,1,0,0,0,0,0,0,0,0,0,0,0,0,0,9,2.5,1.5,3.5,0,0,16,1,1,0,0,0,0,0,0,0,0,30,0,0,0,0,0,0,0,0,0,0,0,0,0,8,0,0,0,H-E-B,1.18,6,Party Snacks
324,H-E-B Kettle Cooked Original Crinkle Cut Potato Chips,13,chips,28,0,2,2,0,0,0,0,0,0,0,0,0,0,0,0,0,8,2,1.5,3.5,0,0,16,1,0,0,0,0,0,8,0,0,11040,27,0,0,0,0,0,0,0,0,0,0,0,0,0,40,0,0,0,H-E-B,1.98,8,Potato Chips
325,Ruffles Loaded Bacon & Cheddar Potato Skins,1,oz,28,0,2,2,0,0,0,0,0,0,0,0,0,0,0,0,0,10,1.5,0,0,0,0,15,1,1,0,0,0,0.36,8,0,0,7680,25.5,0,0,0,0,0,0,0,0,0,0,0,0,0,40,0,0,0,H-E-B,2.98,9,Potato Chips
326,Spangler Dum Dum Pops Assorted Flavors 300 Pieces,3,pops,15,0,2,0,0,0,0,0,0,0,0,0,0,0,0,0,0,0,0,0,0,0,0,15,0,11,0,0,0,0,0,0,0,0,0,0,0,0,0,0,0,0,0,0,0,0,0,0,0,0,0,0,H-E-B,8.88,100,Candy
327,Kellogg's Hot Wheels Fruit Flavored Snacks,1,pouch,22,0,2,1,0,0,0,0,0,0,0,0,0,0,0,0,0,0,0,0,0,0,0,17,0,11,0,0,0,0,0,0,0,0,0,0,0,0,0,0,0,0,0,0,0,0,0,0,400,0,0,0,H-E-B,2,10,Snack Bars
328,Raisinets Milk Chocolate Covered Raisins,1,bag,44.7,0,2,2,0,0,0,0,0,0,0,0,0,0,0,0,0,8,5,0,0,0,5,32,1,27,0,0,0,0.72,8,0,0,0,2.25,0,0,0,0,0,0,0,0,0,0,0,0,0,0,0,0,0,H-E-B,0.78,1,Candy
329,Wise Food Truck Favorites Grilled Cheeseburger Flavor Potato Chips,1,oz,28,0,2,2,0,0,0,0,0,0,0,0,0,0,0,0,0,9,2,0,0,0,0,14,1,0,0,0,0,0.36,8,0,0,0,31.5,0,0,0,0,0,0,0,0,0,0,0,0,0,40,0,0,0,H-E-B,2,8,Potato Chips
330,Wrigley's Big Red Cinnamon Chewing Gum,1,stick,2.7,0,2,0,0,0,0,0,0,0,0,0,0,0,0,0,0,0,0,0,0,0,0,2,0,2,0,0,0,0,0,0,0,0,0,0,0,0,0,0,0,0,0,0,0,0,0,0,0,0,0,0,H-E-B,0.3,100,Candy
331,Swedish Fish Red Jelly Beans,0, ,0,0,0,0,0,0,0,0,0,0,0,0,0,0,0,0,0,0,0,0,0,0,0,0,0,0,0,0,0,0,0,0,0,0,0,0,0,0,0,0,0,0,0,0,0,0,0,0,0,0,0,0,H-E-B,2.27,0,Candy
332,Lay's BBQ Flavored Potato Chips,1,oz,28,0,2,5,0,0,0,0,0,0,0,0,0,0,0,0,0,26,3.5,0,0,0,0,43,4,6,0,0,0,0.36,32,0,0,21840,63,0,0,0,0,0,0.03,0.17,0,0,0,0,0,0,100,0,0,0,H-E-B,1.69,3,Potato Chips
333,Fritos Chili Cheese Flavored Corn Chips,1,package,28.3,0,2,2,0,0,0,0,0,0,0,0,0,0,0,0,0,10,1.5,2.5,5,0,0,15,1,1,0,0,0,0,0,0,140,0,40.5,0,0,0,0,0,0.03,0,0,0,0,0,0,0,0,0,4.8,0,H-E-B,3,1,Corn Chips
334,Russell Stover Assorted Chocolate Mini Gusset Bag,0, ,0,0,0,0,0,0,0,0,0,0,0,0,0,0,0,0,0,0,0,0,0,0,0,0,0,0,0,0,0,0,0,0,0,0,0,0,0,0,0,0,0,0,0,0,0,0,0,0,0,0,0,0,H-E-B,3.34,0,Candy
335,Ruffles Queso Cheese Flavored Potato Chips,1,oz,28,0,2,5,0,0,0,0,0,0,0,0,0,0,0,0,0,26,4,0,0,0,0,40,3,3,0,0,0,0.72,32,100,0,20880,88.5,0,0,0,0,0,0.15,0.17,0,1,0,0,0,0,100,0,0,0,H-E-B,1.69,2.5,Potato Chips
336,La Molienda Chamoy Flavored Candy with Red Pepper,0, ,0,0,0,0,0,0,0,0,0,0,0,0,0,0,0,0,0,0,0,0,0,0,0,0,0,0,0,0,0,0,0,0,0,0,0,0,0,0,0,0,0,0,0,0,0,0,0,0,0,0,0,0,H-E-B,1.29,0,Candy
337,Baken-Ets Hot 'N Spicy Fried Pork Skins,9,pieces,14,0,2,7,0,0,0,0,0,0,0,0,0,0,0,0,0,5,2,0,0,0,20,0,0,0,0,0,0,0,0,0,0,0,70.5,0,0,0,0,0,0,0,0,0,0,0,0,0,0,0,0,0,H-E-B,2,7,Pork Rinds and Other Chips
338,Funyuns Flamin Hot Onion Flavored Rings,1,package,24.8,0,2,2,0,0,0,0,0,0,0,0,0,0,0,0,0,6,1,0,0,0,0,14,1,1,0,0,0,0,16,0,0,0,39,0,0,0,0,0,0,0,0,0,0,0,0,0,0,0,0,0,H-E-B,2,1,Pork Rinds and Other Chips
339,Cella's Milk Chocolate Covered Cherries,0, ,0,0,0,0,0,0,0,0,0,0,0,0,0,0,0,0,0,0,0,0,0,0,0,0,0,0,0,0,0,0,0,0,0,0,0,0,0,0,0,0,0,0,0,0,0,0,0,0,0,0,0,0,H-E-B,4.48,0,Candy
340,H-E-B Sanded Lemon Drop Candies,0, ,0,0,0,0,0,0,0,0,0,0,0,0,0,0,0,0,0,0,0,0,0,0,0,0,0,0,0,0,0,0,0,0,0,0,0,0,0,0,0,0,0,0,0,0,0,0,0,0,0,0,0,0,H-E-B,2.05,0,Candy
341,Tastykake Minis Candy Topped Brownies,3,brownies,43,0,2,2,0,0,0,0,0,0,0,0,0,0,0,0,0,5,1.5,1,1.5,0,5,30,2,22,0,0,0,1.8,60,0,0,0,14.25,0,0,0,0,0,0,0,0,0,0,0,0,0,0,0,0,0,H-E-B,3.48,8,Snack Cakes
342,Doritos Nacho Cheese Flavored Tortilla Chips,0, ,0,0,2,2,0,0,0,0,0,0,0,0,0,0,0,0,0,8,1,0,0,0,0,16,1,0,0,0,0,0,0,0,0,0,31.5,0,0,0,0,0,0.03,0.034,0,0,0,0,0,0,0,0,0,0,H-E-B,3.98,0,Variety Pack Chips
343,See's Candies Assorted Chocolates,2,pieces,33,0,2,2,0,0,0,0,0,0,0,0,0,0,0,0,0,10,4.5,0,0,0,10,18,1,15,0,0,0,0.36,8,0,0,0,5.25,0,0,0,0,0,0.03,0,0,0,0,0,0,0,0,0,0,0,H-E-B,21.13,11,Candy
344,Black Forest Valentine Hearts Fruit Flavored Snack Pouches,0, ,0,0,0,0,0,0,0,0,0,0,0,0,0,0,0,0,0,0,0,0,0,0,0,0,0,0,0,0,0,0,0,0,0,0,0,0,0,0,0,0,0,0,0,0,0,0,0,0,0,0,0,0,H-E-B,5.28,0,Candy
345,Nature Valley Soft-Baked Oatmeal Squares Peanut Butter Bars,1,bar,35,0,2,3,0,0,0,0,0,0,0,0,0,0,0,0,0,7,2,0,0,0,15,21,2,9,0,0,0,0,16,0,0,0,22.5,0,0,0,0,0,0,0,0,0,0,0,0,0,0,0,0,0,H-E-B,2.64,6,Snack Bars
346,Brach's Assorted Saltwater Taffy Candy,0, ,0,0,0,0,0,0,0,0,0,0,0,0,0,0,0,0,0,0,0,0,0,0,0,0,0,0,0,0,0,0,0,0,0,0,0,0,0,0,0,0,0,0,0,0,0,0,0,0,0,0,0,0,H-E-B,3.98,0,Candy
347,Lay's Kettle Cooked Potato Chips, Sea Salt &amp; Vinegar,1,oz,28,0,2,2,0,0,0,0,0,0,0,0,0,0,0,0,0,9,1.5,0,0,0,0,17,1,1,0,0,0,0,8,40,0,8160,25.5,0.04,0,0,0,0,0,0.068,0,0,0,0,0,0,40,0,0,0,H-E-B,2.5,8,Potato Chips
348,Hershey's Christmas Reeses Pieces Filled Cane,0, ,0,0,0,0,0,0,0,0,0,0,0,0,0,0,0,0,0,0,0,0,0,0,0,0,0,0,0,0,0,0,0,0,0,0,0,0,0,0,0,0,0,0,0,0,0,0,0,0,0,0,0,0,H-E-B,1,0,Candy
349,Avengers Single Plastic Candy Filled Egg,0, ,0,0,0,0,0,0,0,0,0,0,0,0,0,0,0,0,0,0,0,0,0,0,0,0,0,0,0,0,0,0,0,0,0,0,0,0,0,0,0,0,0,0,0,0,0,0,0,0,0,0,0,0,H-E-B,1,0,Candy
350,Lay's Kettle Cooked Potato Chips, Jalapeno Flavored,1,oz,28,0,2,6,0,0,0,0,0,0,0,0,0,0,0,0,0,24,4,0,0,0,0,44,4,3,0,0,0,0.36,40,100,0,14640,54,0,0,0,0,0,0,0.17,0,1.5,0,0,0,0,100,0,0,0,H-E-B,1.69,3,Potato Chips
351,Eating Evolved Primal Chocolate Midnight Coconut,0, ,0,0,0,0,0,0,0,0,0,0,0,0,0,0,0,0,0,0,0,0,0,0,0,0,0,0,0,0,0,0,0,0,0,0,0,0,0,0,0,0,0,0,0,0,0,0,0,0,0,0,0,0,H-E-B,3.99,0,Candy
352,H-E-B Almonds Covered In Greek Yogurt,0.25,cup,40,0,2,4,0,0,0,0,0,0,0,0,0,0,0,0,0,15,8,0,0,0,0,20,1,18,0,0,0,1.44,8,0,0,0,0,0,0,0,0,0,0,0,0,0,0,0,0,0,0,0,0,0,H-E-B,3.98,4,Candy
353,H-E-B Chewy Dipped Granola Bars Chocolatey Chocolate,1,bar,32,0,2,2,0,0,0,0,0,0,0,0,0,0,0,0,0,6,3,0,0,0,0,22,1,14,0,0,0,1.08,16,0,0,0,6,0,0,0,0,0,0,0,0,0,0,0,0,0,0,0,0,0,H-E-B,1.95,6,Snack Bars
354,Entenmann's Crumb Topped Donuts,1,donut,57,0,2,2,0,0,0,0,0,0,0,0,0,0,0,0,0,10,4.5,0,0,0,10,35,1,21,0,0,0,0.72,16,0,0,0,30,0,0,0,0,0,0.03,0,0,0,0,0,0,0,0,0,0,0,H-E-B,3.28,8,Snack Cakes
355,H-E-B Lokitos Hijole Chile &amp; Lime Flavored Rolled Tortilla Chips,12,chips,28,0,2,2,0,0,0,0,0,0,0,0,0,0,0,0,0,8,1.5,3.5,2.5,0,0,16,2,0,0,0,0,0.36,8,0,0,0,63,0,0,0,0,0,0,0,0,0,0,0,0,0,8,0,0,0,H-E-B,1.98,10,Tortilla Chips
356,Bobo's Coconut Almond Butter Filled Oat Bar,0, ,0,0,0,0,0,0,0,0,0,0,0,0,0,0,0,0,0,0,0,0,0,0,0,0,0,0,0,0,0,0,0,0,0,0,0,0,0,0,0,0,0,0,0,0,0,0,0,0,0,0,0,0,H-E-B,2,0,Protein and Energy Bars
357,See's Candies Gourmet Assorted Lollypops,1,lollypop,20,0,2,0,0,0,0,0,0,0,0,0,0,0,0,0,0,3,2,0,0,0,10,15,0,9,0,0,0,0,0,0,0,0,6,0,0,0,0,0,0.03,0,0,0,0,0,0,0,0,0,0,0,H-E-B,20.73,30,Candy
358,Starburst Minis Unwrapped Fruit Chews, Share Size Bag,0.25,cup,40,0,2,0,0,0,0,0,0,0,0,0,0,0,0,0,0,2,1,0,0,0,0,35,0,28,0,0,0,0,0,0,0,0,8.25,0,0,0,0,0,0,0,0,0,0,0,0,0,0,0,0,0,H-E-B,1.39,2.5,Candy
359,Fritos Flamin' Hot Flavored Corn Chips,1,oz,28,0,2,2,0,0,0,0,0,0,0,0,0,0,0,0,0,10,1.5,2.5,6,0,0,15,1,1,0,0,0,0.72,0,0,140,0,24,0,0,0,0,0,0.03,0,0,0,0,0,0,0,0,0,4.8,0,H-E-B,2.5,9,Corn Chips
360,H-E-B Nacho Cheese Flavored Tortilla Chips,14,chips,28,0,2,2,0,0,0,0,0,0,0,0,0,0,0,0,0,8,1,2,4.5,0,0,17,1,1,0,0,0,0.36,16,0,0,1920,31.5,0,0,0,0,0,0,0,0,0,0,0,0,0,0,0,0,0,H-E-B,2.98,16,Tortilla Chips
361,Lone Star Nut &amp; Candy Chocolate Covered Raisins,0, ,0,0,0,0,0,0,0,0,0,0,0,0,0,0,0,0,0,0,0,0,0,0,0,0,0,0,0,0,0,0,0,0,0,0,0,0,0,0,0,0,0,0,0,0,0,0,0,0,0,0,0,0,H-E-B,6.29,0,Candy
362,Nature's Path Love Crunch Dark Chocolate and Red Berries,1,bar,30,0,2,0,0,0,0,0,0,0,0,0,0,0,0,0,0,0,0,0,0,0,0,0,0,0,0,0,0,0,2.76,0,0,0,0,0,0,0,0,0,0,0,0,0,0,0,0,0,0,0,0,0,H-E-B,3.98,2,Snack Bars
363,Pringles Loaded Baked Potato,1,ounce,28,0,2,1,0,0,0,0,0,0,0,0,0,0,0,0,0,9,2.5,0,0,0,0,16,1,1,0,0,0,0,0,0,0,0,24,0,0,0,0,0,0,0,0,0,0,0,0,0,24,0,0,0,H-E-B,1.34,6,Potato Chips
364,Nickelodeon Assorted Giant Egg Candy Mix,1,lollipop,30,0,2,0,0,0,0,0,0,0,0,0,0,0,0,0,0,0,0,0,0,0,0,30,0,27,0,0,0,0,0,0,0,0,0,0,0,0,0,0,0,0,0,0,0,0,0,0,0,0,0,0,H-E-B,2.98,5,Candy
365,SunRidge Farms Honey Roasted Sesame Sticks,0, ,0,0,0,0,0,0,0,0,0,0,0,0,0,0,0,0,0,0,0,0,0,0,0,0,0,0,0,0,0,0,0,0,0,0,0,0,0,0,0,0,0,0,0,0,0,0,0,0,0,0,0,0,H-E-B,3.69,0,Party Snacks
366,Welch's Reduced Sugar Mixed Fruit Snacks,23,g,23,0,2,1,0,0,0,0,0,0,0,0,0,0,0,0,0,0,0,0,0,0,0,18,0,8,0,0,0,0,0,0,0,0,0.75,0,0,0,0,0,0.375,0,0,0,0,0,0,0,400,0,20,0,H-E-B,2,8,Snack Bars
367,Jolly Rancher Pelon Pelo Rico Hard Candy Assorted Bag,0, ,0,0,0,0,0,0,0,0,0,0,0,0,0,0,0,0,0,0,0,0,0,0,0,0,0,0,0,0,0,0,0,0,0,0,0,0,0,0,0,0,0,0,0,0,0,0,0,0,0,0,0,0,H-E-B,7.58,0,Candy
368,Cape Cod Kettle Cooked Original Reduced Fat Potato Chips,1,oz,28,0,2,2,0,0,0,0,0,0,0,0,0,0,0,0,0,6,0.5,3.5,1.5,0,0,18,2,0,0,0,0,0,8,0,0,0,12.75,0,0,0,0,0,0,0,0,0,0,0,0,0,100,0,0,0,H-E-B,2,8,Potato Chips
369,Marinela Barritas Pineapple Filled Cookies,2,pieces,27,0,2,1,0,0,0,0,0,0,0,0,0,0,0,0,0,5,3,2,0,0,0,17,0,7,0,0,0,0.36,32,0,0,0,7.5,0.2,0,0,0,0,0.06,0.17,2,1,0,0,0.6,0,0,0,3.2,0,H-E-B,2.78,6,Snack Cakes
370,Wrigley's Big Red Cinnamon Gum,1,stick,2.7,0,2,0,0,0,0,0,0,0,0,0,0,0,0,0,0,0,0,0,0,0,0,2,0,2,0,0,0,0,0,0,0,0,0,0,0,0,0,0,0,0,0,0,0,0,0,0,0,0,0,0,H-E-B,2.24,45,Candy
371,Marinela Choco Roles Cakes Creme-Filled Pineapple,2,pieces,80,0,2,4,0,0,0,0,0,0,0,0,0,0,0,0,0,11,8,2,1,0,30,49,2,33,0,0,0,0.72,60,0,0,0,30,0.2,0,0,0,0,0.09,0.102,2,0.6,0,0,0,0,0,0,3.2,0,H-E-B,1.38,1,Snack Cakes
372,Raisinets Milk Chocolate Covered California Raisins Theatre Box,0.25,cup,45,0,2,2,0,0,0,0,0,0,0,0,0,0,0,0,0,8,5,0,0,0,5,32,1,28,0,0,0,0.72,8,0,0,0,2.25,0,0,0,0,0,0,0,0,0,0,0,0,0,0,0,0,0,H-E-B,0.94,2,Candy
373,Ellis Pecan Amaretto Frosted Pecans,0, ,0,0,0,0,0,0,0,0,0,0,0,0,0,0,0,0,0,0,0,0,0,0,0,0,0,0,0,0,0,0,0,0,0,0,0,0,0,0,0,0,0,0,0,0,0,0,0,0,0,0,0,0,H-E-B,10.99,0,Candy
374,Little Debbie Fudge Dipped Banana Rolls,1,roll,60,0,2,1,0,0,0,0,0,0,0,0,0,0,0,0,0,11,6,2.5,2,0,10,38,0,26,0,0,0,0,16,0,0,960,19.5,0,0,0,0,0,0,0,0,0,0,0,0,0,0,0,0,0,H-E-B,2.16,6,Snack Cakes
375,Little Debbie Iced Honey Bun,1,pastry,114,0,2,5,0,0,0,0,0,0,0,0,0,0,0,0,0,23,11,7,3,0,5,63,1,37,0,0,0,1.8,24,0,0,2880,54,0,0,0,0,0,0,0,0,0,0,0,0,0,8,0,0,0,H-E-B,1,1,Snack Cakes
376,Whitman's Sampler Assorted Chocolates,3,pieces,35,0,2,2,0,0,0,0,0,0,0,0,0,0,0,0,0,9,5,0,0,0,5,20,1,16,0,0,0,0.72,16,0,0,0,6.75,0,0,0,0,0,0.03,0,0,0,0,0,0,0,0,0,0,0,H-E-B,15.96,19,Candy
377,Bulk Tamari Roasted Sunflower Seeds,0, ,0,0,0,0,0,0,0,0,0,0,0,0,0,0,0,0,0,0,0,0,0,0,0,0,0,0,0,0,0,0,0,0,0,0,0,0,0,0,0,0,0,0,0,0,0,0,0,0,0,0,0,0,H-E-B,3.49,0,Dried Fruits and Nuts
378,Russell Stover Sugar Free Fine Chocolate Assorted Candies,3,pieces,44,0,2,2,0,0,0,0,0,0,0,0,0,0,0,0,0,13,8,0,0,0,5,26,3,0,0,0,0,1.08,16,0,0,0,10.5,0,0,0,0,0,0,0,0,0,0,0,0,0,0,0,0,0,H-E-B,7.98,5,Candy
379,Ghirardelli Sweet Hearts Premium Chocolate Assortment Heart Shaped Gift Box,0, ,0,0,0,0,0,0,0,0,0,0,0,0,0,0,0,0,0,0,0,0,0,0,0,0,0,0,0,0,0,0,0,0,0,0,0,0,0,0,0,0,0,0,0,0,0,0,0,0,0,0,0,0,H-E-B,9.97,0,Candy
380,Planters Salted Caramel Peanuts,1,oz,28,0,2,6,0,0,0,0,0,0,0,0,0,0,0,0,0,12,1.5,6,4,0,0,9,2,5,0,0,0,0.36,24,100,280,4080,14.25,0,0,17.5,0,0,0,0,0,1.5,0,0,0,0,0,0,8,0,H-E-B,1.48,6,Dried Fruits and Nuts
381,M&amp;M's Peanut Butter Speckled Easter Eggs Chocolate Candies,1.5,oz,42,0,2,4,0,0,0,0,0,0,0,0,0,0,0,0,0,12,7,0,0,0,5,24,1,20,0,0,0,0.36,8,0,0,0,13.5,0,0,0,0,0,0.045,0,0,0,0,0,0,0,0,0,0,0,H-E-B,2.88,7,Candy
382,Las Sevillanas Wheat Flour Colored Mini Wafers,0, ,0,0,0,0,0,0,0,0,0,0,0,0,0,0,0,0,0,0,0,0,0,0,0,0,0,0,0,0,0,0,0,0,0,0,0,0,0,0,0,0,0,0,0,0,0,0,0,0,0,0,0,0,H-E-B,1.58,0,Candy
383,Kashi Soft-Baked Blackberry Graham Cereal Bars,1,bar,35,0,2,2,0,0,0,0,0,0,0,0,0,0,0,0,0,3,0,1.5,1,0,0,23,3,10,0,0,0,0,40,0,0,0,18,0,0,0,0,0,0,0,0,0,0,0,0,0,0,0,0,0,H-E-B,2.98,6,Snack Bars
384,Dove Dark Chocolate Mixed Berry Stand Up,0.25,pack,43,0,2,2,0,0,0,0,0,0,0,0,0,0,0,0,0,10,6,0,0,0,5,29,2,25,0,0,0,0.72,16,0,0,0,1.5,0,0,0,0,0,0.045,0,0,0,0,0,0,0,0,0,0,0,H-E-B,3.58,4,Candy
385,H-E-B Select Ingredients Chile Limon Flavored Tortilla Chips,14,chips,28,0,2,0,0,0,0,0,0,0,0,0,0,0,0,0,0,0,0,0,0,0,0,0,0,0,0,0,0,1.8,2.8,0,0,0,0,0,0,0,0,0,0,0,0,0,0,0,0,0,0,0,0,0,H-E-B,1.98,2,Tortilla Chips
386,Werther's Original Creamy Caramel Filled Candies,0, ,0,0,0,0,0,0,0,0,0,0,0,0,0,0,0,0,0,0,0,0,0,0,0,0,0,0,0,0,0,0,0,0,0,0,0,0,0,0,0,0,0,0,0,0,0,0,0,0,0,0,0,0,H-E-B,9.48,0,Candy
387,Nabisco Chips Ahoy! Gooey Chewy Fudge Filled Choco-Fudge Cookies,2,cookies,31,0,2,1,0,0,0,0,0,0,0,0,0,0,0,0,0,7,3.5,1.5,1,0,0,21,1,12,0,0,0,0,16,0,0,1440,17.25,0,0,0,0,0,0,0,0,0,0,0,0,0,0,0,0,0,H-E-B,2.56,9,Family Cookies
388,Gamesa Lonchera Assorted Cookies,3,cookies,34,0,2,1,0,0,0,0,0,0,0,0,0,0,0,0,0,2,1,0.5,0,0,0,21,1,11,0,0,0,0,8,0,0,0,14.25,0,0,0,0,0,0,0,0,0,0,0,0,0,0,0,0,0,H-E-B,2.78,2.5,Cookies
389,Baken-Ets Traditional Fried Pork Skins,9,pieces,14,0,2,7,0,0,0,0,0,0,0,0,0,0,0,0,0,5,2.5,0,0,0,20,0,0,0,0,0,0,0,0,0,0,0,45,0,0,0,0,0,0,0,0,0,0,0,0,0,0,0,0,0,H-E-B,1.69,5,Pork Rinds and Other Chips
390,Eating Evolved Primal Chocolate Crunchy Caramel,0, ,0,0,0,0,0,0,0,0,0,0,0,0,0,0,0,0,0,0,0,0,0,0,0,0,0,0,0,0,0,0,0,0,0,0,0,0,0,0,0,0,0,0,0,0,0,0,0,0,0,0,0,0,H-E-B,3.99,0,Candy
391,Power Crunch Salted Caramel,1,cookie,40,0,2,13,0,0,0,0,0,0,0,0,0,0,0,0,0,13,6,0,0,0,10,9,1,5,0,0,0,1.98,8,0,0,3840,24,0,0,0,0,0,0,0,0,0,0,0,0,0,0,0,0,0,H-E-B,6.47,5,Protein and Energy Bars
392,Elmer Chocolate Rose Heart Box with Assorted Chocolates,2,pieces,34,0,2,1,0,0,0,0,0,0,0,0,0,0,0,0,0,6,3,0,0,0.5,0,24,1,21,0,0,0,0,0,0,0,0,3,0,0,0,0,0,0,0,0,0,0,0,0,0,0,0,0,0,H-E-B,7.75,8,Candy
393,Nut Harvest Toffee Glazed Mixed Nuts,1,oz,28,0,2,13,0,0,0,0,0,0,0,0,0,0,0,0,0,33,6,0,0,0,0,36,7,30,0,0,0,1.08,40,0,0,0,36,0,0,0,0,0,0,0,0,0,0,0,0,0,0,0,0,0,H-E-B,1.99,3,Dried Fruits and Nuts
394,Trident Unwrapped Tropical Twist Pouch,0, ,0,0,0,0,0,0,0,0,0,0,0,0,0,0,0,0,0,0,0,0,0,0,0,0,0,0,0,0,0,0,0,0,0,0,0,0,0,0,0,0,0,0,0,0,0,0,0,0,0,0,0,0,H-E-B,3.88,0,Candy
395,Tastykake Glazed Chocolate Pie,1,pie,128,0,2,5,0,0,0,0,0,0,0,0,0,0,0,0,0,23,12,0,0,0,5,68,3,27,0,0,0,2.7,80,0,0,0,40.5,0,0,0,0,0,0,0,0,0,0,0,0,0,0,0,0,0,H-E-B,1,1,Snack Cakes
396,Skittles Original Candy Filled Plastic Egg,1,package,45,0,2,0,0,0,0,0,0,0,0,0,0,0,0,0,0,2,2,0,0,0,0,41,0,33,0,0,0,0,0,0,0,0,0,0,0,0,0,0,0,0,0,0,0,0,0,0,0,0,0,0,H-E-B,0.98,0,Candy
397,H-E-B Chocolate Covered Gummi Bears,0, ,0,0,0,0,0,0,0,0,0,0,0,0,0,0,0,0,0,0,0,0,0,0,0,0,0,0,0,0,0,0,0,0,0,0,0,0,0,0,0,0,0,0,0,0,0,0,0,0,0,0,0,0,H-E-B,9.99,0,Candy
398,Little Debbie Fudge Dipped Strawberry Cakes,0, ,0,0,0,0,0,0,0,0,0,0,0,0,0,0,0,0,0,0,0,0,0,0,0,0,0,0,0,0,0,0,0,0,0,0,0,0,0,0,0,0,0,0,0,0,0,0,0,0,0,0,0,0,H-E-B,2.16,0,Snack Cakes
399,Nestle Crunch Creamy Milk Chocolate With Crisped Rice 2.7 oz,3,bars,38,0,2,2,0,0,0,0,0,0,0,0,0,0,0,0,0,0,6,0,0,0,5,0,0,0,0,0,0,0.72,0,0,0,0,8.25,0,0,0,0,0,0,0,0,0,0,0,0,0,0,0,0,0,H-E-B,1,2,Candy
400,Green &amp; Blacks Pure Milk Chocolate Salted Caramel Bar,2,rows,36,0,2,3,0,0,0,0,0,0,0,0,0,0,0,0,0,12,7,0,0,0,5,19,1,17,0,0,0,1.44,16,0,0,0,15,0,0,0,0,0,0.03,0,0,0,0,0,0,0,0,0,0,0,H-E-B,3.29,2.5,Candy
401,Cheetos Crunchy Cheese Flavored Snacks,0, ,0,0,2,2,0,0,0,0,0,0,0,0,0,0,0,0,0,10,1.5,0,0,0,0,13,1,1,0,0,0,0,8,0,0,0,37.5,0,0,0,0,0,0,0.136,0.8,0.4,0,0,0,0,0,0,0,0,H-E-B,3.98,0,Variety Pack Chips
402,Pringles Lightly Salted Sour Cream &amp; Onion,0, ,0,0,0,0,0,0,0,0,0,0,0,0,0,0,0,0,0,0,0,0,0,0,0,0,0,0,0,0,0,0,0,0,0,0,0,0,0,0,0,0,0,0,0,0,0,0,0,0,0,0,0,0,H-E-B,1.34,0,Potato Chips
